952 312
521 442 548 458 263 446 591 840 730 421 80 64 173 989 329 719 623 93 959 650 633 990 932 743 807 524 785 87 479 74 425 299 385 440 296 793 653 671 899 921 716 5 140 944 210 996 158 846 992 422 381 754 439 311 645 100 5 942 647 143 755 149 800 908 355 223 624 286 122 510 876 213 159 543 952 101 183 491 655 12 353 317 796 33 845 35 643 723 152 40 774 790 582 803 314 632 811 583 188 229 163 979 468 694 419 966 886 828 283 25 24 201 602 200 299 273 761 512 299 223 877 165 386 726 190 184 967 179 277 50 471 561 90 7 371 459 973 987 134 254 198 106 407 685 373 142 634 315 258 293 618 962 156 814 9 166 538 270 958 499 47 5 494 746 731 863 27 651 322 948 513 668 449 483 593 654 227 852 288 542 375 818 679 615 513 49 290 314 997 587 977 801 925 500 13 586 356 93 896 375 539 129 454 796 406 998 715 515 213 325 526 905 601 463 319 236 829 717 49 989 771 748 343 715 995 917 639 568 37 221 574 866 881 727 366 762 432 860 499 698 356 712 912 639 607 46 224 285 203 985 196 247 891 247 740 482 170 441 449 845 589 117 196 60 228 291 319 937 517 299 619 182 408 254 776 738 932 702 345 885 577 370 593 594 51 786 661 503 792 838 940 942 628 821 343 485 839 266 155 7 246 288 367 339 450 43 825 276 271 945 941 696 271 471 706 695 790 325 673 544 540 432 364 918 494 3 864 296 251 105 977 770 128 92 570 31 777 996 664 954 588 76 609 904 835 627 8 385 752 744 929 91 651 343 847 877 474 266 158 934 861 953 616 244 273 820 492 447 795 388 99 187 49 690 171 527 626 523 737 765 838 883 265 27 838 876 985 21 309 142 996 533 201 467 195 913 965 270 142 437 14 263 247 942 215 304 237 46 291 394 19 509 150 789 168 833 543 364 631 845 890 393 987 494 226 41 78 93 771 874 96 335 38 192 93 661 361 343 635 791 887 799 113 342 167 662 935 273 886 62 244 685 929 744 411 669 920 328 657 644 382 271 947 51 193 283 166 593 604 249 597 245 22 29 359 867 889 49 795 909 835 837 227 929 70 143 840 526 84 616 576 466 472 301 212 339 739 377 265 989 83 421 315 951 747 327 879 849 747 865 320 584 908 305 266 920 218 477 744 623 989 811 591 134 180 210 277 116 407 145 646 359 779 939 30 277 535 505 683 97 267 369 604 609 317 674 255 868 341 277 646 974 678 674 973 649 791 268 99 488 81 231 91 579 839 182 919 850 573 605 577 79 966 939 420 134 338 458 542 467 88 342 682 747 690 97 46 352 313 368 844 986 311 559 925 173 525 663 263 283 475 544 430 96 940 391 101 120 314 96 315 807 315 809 33 121 892 871 131 300 129 24 889 856 193 578 293 99 829 162 997 803 167 974 610 209 24 649 505 309 463 356 928 410 169 513 297 277 67 336 69 653 751 352 520 565 645 178 737 958 223 564 175 775 682 458 573 594 537 284 70 387 277 465 383 225 435 190 147 804 875 90 588 136 694 108 604 778 864 179 355 798 412 890 107 220 877 529 351 221 485 29 232 135 955 93 444 971 121 401 768 285 605 718 902 563 819 278 211 152 960 235 328 701 592 523 464 839 580 731 770 799 664 159 604 888 307 31 873 237 907 305 364 387 143 357 957 659 186 747 434 726 570 749 613 387 136 100 43 109 953 114 815 27 332 966 386 836 628 156 830 471 886 689 708 306 840 849 418 667 334 80 903 219 657 610 561 193 425 206 331 36 954 576 5 842 375 638 241 691 1000 659 103 271 908 194 87 306 29 949 287 374 132 894 116 246 955 792 512 485 615 390 934 953 628 559 644 671 441 782 802 279 958 736 793 746 137 426 152 76 370 614 364 948 705 700 639 298 568 171 252 627 294 379 812 522 788 856 757 190 417 779 139 30 581 423 963 435 694 243 522 901 207 807 699 650 37 736 42 707 871 984 469 696 682 122 141 736 380 776 280 127 689 830 800 468 78 89 47 0 296 79 174 959 862 13 23 851 333 928 342 118 890 727 605 996 284 727 30 272 668 320 464 118 83 82 282 133 502 748 205 849 66 554 327 649 355 500 899 700 675 537 891 686 658 910 129 884 498 492 337 648
797
261 931
566 736
104 911
692 873
893 938
26 113
582 706
266 531
916 919
315 583
193 809
624 949
292 704
601 816
2 478
892 910
796 944
497 602
853 880
209 888
920 930
376 739
61 692
347 401
478 916
884 896
169 764
291 608
311 489
270 563
418 709
624 816
94 432
181 881
479 809
946 948
578 779
334 452
702 704
90 678
721 787
632 669
662 679
174 878
226 318
116 554
819 906
422 479
141 861
783 815
377 904
401 408
766 791
240 682
371 810
778 881
297 856
932 941
872 891
707 915
128 353
723 783
467 839
403 405
458 713
96 753
524 670
531 867
56 402
211 951
354 724
211 235
891 942
944 952
947 949
624 637
278 449
198 513
142 429
728 755
437 769
746 886
758 807
451 511
585 837
308 421
115 652
143 848
546 863
394 568
21 143
531 746
122 536
410 683
264 713
521 863
2 694
56 317
214 607
526 873
901 951
34 819
855 943
91 734
88 215
731 738
516 670
750 891
441 551
88 153
696 921
756 885
639 725
599 841
792 908
47 458
766 822
779 789
254 674
372 669
42 245
886 937
564 741
328 612
855 912
373 892
473 835
754 790
141 596
668 688
865 935
582 796
519 529
50 88
309 933
22 385
239 686
447 662
214 402
28 952
608 850
187 629
427 868
460 654
685 871
764 858
696 940
696 822
356 391
509 822
636 637
404 543
59 687
651 946
605 897
560 822
541 939
679 692
185 945
948 948
758 775
408 703
84 907
163 930
114 777
595 658
380 663
264 447
797 809
102 829
103 734
767 863
603 898
170 787
687 772
814 931
460 743
744 785
242 837
557 848
450 858
481 616
417 732
283 405
630 799
813 857
749 877
721 768
735 879
570 652
934 949
427 544
872 938
425 598
665 739
326 888
640 644
203 329
778 807
918 929
639 793
547 748
612 936
885 952
784 875
92 853
135 420
368 816
3 313
447 786
215 738
789 804
563 891
735 923
430 560
482 943
569 660
678 683
56 597
73 206
641 659
40 895
427 504
342 517
258 522
484 898
580 852
912 927
173 468
33 469
672 832
379 401
267 281
140 188
122 693
204 777
301 533
707 863
236 276
345 833
239 802
856 920
829 857
810 824
331 886
446 535
911 942
154 606
381 702
9 674
749 854
670 811
502 684
55 950
349 621
809 899
905 936
557 804
835 850
509 694
617 799
188 935
808 883
617 663
471 733
891 952
261 362
599 688
517 566
429 529
273 692
416 556
348 677
397 885
693 730
726 947
363 395
692 735
112 474
485 926
364 754
859 889
28 309
302 500
895 897
235 461
5 515
864 942
292 521
613 694
177 277
606 834
901 905
639 750
366 693
853 918
549 807
844 874
98 101
642 793
240 879
552 804
6 920
384 827
192 432
619 729
197 241
200 858
922 922
619 757
174 947
511 620
952 952
933 939
189 796
660 805
15 458
927 943
871 904
113 133
163 245
936 950
341 744
138 813
59 787
211 799
165 718
636 658
900 905
424 697
413 752
769 951
316 914
549 721
907 917
532 680
126 423
417 568
5 844
398 872
778 872
674 843
824 911
852 931
713 893
107 330
864 897
860 905
942 946
725 761
317 459
129 378
4 319
792 905
242 492
520 617
697 764
923 926
585 848
203 611
557 801
300 925
881 893
790 790
477 583
228 937
160 862
403 575
543 679
829 902
201 827
836 888
770 863
85 528
457 569
657 889
286 415
127 692
419 560
260 557
262 793
926 946
413 763
229 438
731 934
567 757
453 658
37 704
762 766
762 835
583 821
677 713
866 884
618 822
725 747
554 819
139 448
145 317
335 491
110 426
849 877
507 613
510 630
246 786
651 820
231 763
348 587
274 883
735 800
629 820
149 199
540 585
652 736
899 903
729 849
392 687
378 623
850 879
826 898
200 916
553 682
808 859
543 936
147 632
178 923
267 337
387 733
342 501
260 494
306 405
394 786
315 362
124 628
345 778
856 885
650 839
162 422
681 870
681 894
370 940
455 637
82 592
784 873
694 741
48 394
591 652
456 877
917 932
716 875
921 926
884 907
146 824
374 567
416 870
83 116
352 854
182 786
253 848
462 629
498 601
357 865
676 923
442 675
479 866
75 795
897 902
207 484
789 940
168 822
706 784
889 913
893 938
611 656
687 777
185 687
837 849
682 925
76 131
475 530
843 938
140 789
62 650
280 939
531 866
402 619
375 488
102 868
595 603
690 735
42 153
917 944
597 951
933 941
815 836
429 921
551 589
256 737
171 775
454 545
274 758
437 659
383 681
531 887
183 201
916 926
912 917
675 820
161 401
529 910
102 633
617 652
852 935
466 498
728 743
832 837
834 843
570 912
520 936
823 916
483 717
718 773
453 673
863 931
799 834
753 840
170 803
469 713
329 728
284 480
681 848
45 284
306 432
462 689
854 901
852 949
844 923
347 785
34 732
428 583
626 855
907 939
354 559
172 708
655 728
639 740
2 535
869 869
375 605
719 835
827 903
709 718
386 704
945 949
314 591
596 886
807 819
878 881
198 498
9 325
503 840
430 831
399 410
218 291
189 879
747 812
209 292
864 907
580 794
486 766
247 734
296 651
774 809
923 941
692 702
576 868
349 434
336 530
490 938
947 951
55 564
42 516
690 815
871 908
543 925
676 834
594 698
481 662
249 332
604 849
589 845
722 844
206 299
322 473
752 822
42 641
892 934
46 472
98 583
263 337
50 757
738 761
198 792
811 870
76 175
664 738
794 947
801 864
617 883
164 855
577 840
835 893
539 928
342 694
544 872
442 731
936 943
908 935
610 840
38 100
31 849
566 673
834 926
607 838
895 895
448 547
140 714
231 723
834 910
489 948
638 891
767 928
84 436
216 447
327 601
312 495
754 895
756 856
31 619
410 626
539 908
131 359
347 612
238 636
787 822
135 557
293 786
54 693
761 771
727 912
668 876
675 792
667 793
909 929
224 914
834 939
211 382
524 550
868 896
637 889
224 440
547 915
87 162
902 936
145 487
930 946
140 546
833 951
308 581
626 908
106 774
851 889
474 514
376 634
165 241
258 642
100 924
339 479
806 894
778 921
456 882
27 370
673 809
853 914
273 401
769 790
86 246
803 949
186 684
268 285
655 876
39 793
587 813
563 703
721 844
826 842
863 881
878 883
288 544
198 842
73 545
278 938
160 418
316 725
516 920
84 630
61 208
819 839
473 795
316 861
910 945
430 584
585 910
932 941
810 934
382 880
709 825
248 913
500 568
37 937
503 624
107 386
30 275
427 622
536 624
163 408
182 940
209 424
123 489
783 792
298 711
870 872
139 295
549 924
568 867
786 843
860 931
302 419
390 756
724 755
6 687
524 750
641 670
608 829
868 908
562 592
742 849
734 803
816 849
139 211
507 921
283 690
25 833
470 569
165 934
286 943
588 670
475 942
788 929
107 929
429 579
876 952
821 849
851 917
325 557
41 372
226 399
262 905
675 715
905 908
416 717
792 837
252 736
160 298
801 814
281 746
574 940
107 195
653 772
878 887
238 907
237 666
13 407
443 529
483 915
913 939
625 838
421 503
847 937
77 876
28 460
403 578
622 930
220 641
665 950
451 795
115 138
333 507
