806 16
611 2 284 558 263 0 792 266 703 234 905 635 170 57 974 595 500 892 542 818 401 698 432 365 417 819 578 101 874 384 422 569 69 516 662 694 479 296 185 841 44 178 270 142 304 564 533 754 706 856 163 980 647 633 833 496 818 614 784 579 992 372 490 409 551 849 914 63 246 384 97 516 859 170 634 262 779 491 709 218 718 531 841 289 209 998 345 801 173 151 134 492 260 573 36 279 574 6 77 837 296 240 918 59 823 356 18 112 370 331 497 277 551 249 973 219 787 386 482 522 584 254 699 564 993 813 354 592 449 208 110 639 98 567 193 844 724 870 222 521 271 483 602 675 146 292 411 780 401 502 632 218 7 123 340 905 28 210 278 62 840 414 641 677 880 93 399 368 217 898 813 940 117 83 953 222 947 930 546 471 632 966 83 218 171 217 122 328 646 923 362 294 427 44 830 993 502 729 686 997 284 323 105 749 310 750 571 26 553 306 367 602 798 946 228 781 225 395 986 840 87 319 342 592 726 478 868 828 964 212 579 362 226 94 648 939 136 92 589 603 825 907 860 669 904 454 695 285 983 45 684 33 739 759 843 750 411 380 546 667 866 633 88 596 465 615 814 814 576 775 888 414 938 907 513 755 3 420 143 651 722 273 601 999 691 424 468 506 525 789 892 501 696 410 53 541 25 276 645 294 740 165 759 465 309 136 855 213 868 180 740 149 547 875 327 792 930 751 60 358 925 303 598 642 284 664 562 77 152 727 543 741 657 622 776 894 811 806 281 66 752 420 602 984 828 645 466 257 213 46 772 902 860 292 127 246 819 969 501 474 464 305 864 920 491 382 10 959 519 540 698 425 477 391 95 688 89 314 109 598 91 173 576 534 58 195 64 696 261 269 119 428 290 557 787 316 139 940 526 614 878 293 275 169 905 8 418 751 947 274 688 267 786 779 280 458 61 386 925 597 406 610 79 533 75 639 844 111 501 547 295 795 797 308 796 198 363 496 915 675 682 774 313 982 993 268 511 600 179 926 630 871 419 14 994 582 354 208 492 255 471 734 675 383 699 63 17 165 457 646 522 34 361 366 139 128 766 287 951 709 713 142 514 7 417 992 739 817 294 536 495 238 496 167 278 51 323 591 499 489 183 710 167 676 318 550 878 101 958 426 275 235 535 663 395 649 496 275 430 944 353 61 244 687 65 856 462 606 93 630 942 550 403 392 574 889 687 238 81 606 444 480 469 203 770 256 999 23 528 484 748 387 120 747 683 711 510 646 965 957 741 175 61 363 422 547 98 877 922 380 734 345 747 805 231 40 486 632 303 11 419 59 247 794 196 887 384 300 738 48 153 33 865 924 502 651 546 43 10 578 333 554 825 206 555 53 181 538 711 366 798 783 29 878 323 369 189 242 411 549 298 369 800 896 470 188 986 833 977 239 272 824 345 434 674 616 91 668 227 231 894 646 153 864 796 798 500 882 872 878 192 606 327 994 303 686 318 255 245 562 714 347 499 558 100 86 358 958 823 793 708 161 528 377 804 947 355 479 345 947 308 344 657 125 244 329 237 646 577 565 158 9 25 961 769 322 252 268 642 330 700 750 686 802 878 920 10 910 799 171 348 694 782 701 243 770 1000 367 169 310 136 769 149 443 788 886 79 857 186 452 845 627 740 572 602 845 805 259 426 238 209 407 809 639 652 452 741 561 288 676 494 780 263 171 212 628 368 907 810 907 180 723 346 333 429 399 137 898 387 937 782 426 893 69 489 525 374 798 324 795 186 986 986 216 245 260 387 832 107 937 860 924 555 771 710 572 963 972 209 96 389 219 415 248 440 831
969
157 728
337 722
377 545
218 727
564 647
785 804
710 729
597 745
401 646
589 781
67 465
723 796
754 759
642 648
564 796
348 599
389 551
42 107
3 172
457 781
649 657
331 406
711 750
756 804
775 781
580 624
472 788
632 669
703 800
468 670
107 427
330 630
536 695
260 333
717 766
802 804
766 774
699 774
552 704
560 607
329 486
615 662
412 546
252 478
54 359
785 796
670 687
336 415
772 795
279 533
356 566
134 237
41 418
759 762
116 265
720 771
231 550
683 780
104 776
296 703
371 659
705 796
22 271
614 731
218 441
310 691
288 327
650 798
119 345
805 805
312 801
629 644
331 350
193 196
28 637
316 408
45 314
783 799
338 374
19 76
718 801
395 793
397 412
276 575
466 620
620 799
588 700
168 242
42 609
190 585
718 805
273 800
112 645
322 563
100 592
589 607
35 332
173 265
499 524
269 388
421 588
237 758
408 654
524 550
653 785
620 763
207 322
623 657
344 718
311 421
127 761
216 272
381 511
638 730
371 699
377 732
101 670
315 744
615 724
760 804
454 526
425 764
637 780
127 412
290 488
203 350
197 205
743 789
500 749
699 795
646 711
653 657
209 600
439 567
591 806
41 229
116 224
690 691
253 525
504 683
151 468
289 565
364 406
197 673
204 348
447 569
384 467
148 194
304 666
723 731
78 800
794 797
770 770
159 653
174 475
437 532
434 616
190 585
713 722
551 766
204 800
306 343
489 714
138 709
567 749
629 721
372 776
257 428
450 735
578 763
688 748
101 461
415 806
667 752
41 546
336 424
800 805
592 660
159 743
709 802
494 597
78 658
497 646
564 734
801 803
56 532
165 223
692 787
245 270
187 737
260 306
390 590
645 679
280 563
147 608
741 804
796 800
260 800
513 791
536 570
493 495
488 590
106 581
213 330
504 660
38 802
664 670
10 614
140 533
338 724
165 578
8 375
65 202
672 763
279 705
4 575
255 777
324 797
90 673
460 564
126 793
627 663
626 750
322 722
472 564
300 708
465 721
367 653
615 743
129 691
53 723
388 688
28 447
38 343
152 405
420 561
66 348
198 307
639 731
705 754
635 637
687 792
568 611
568 745
735 803
215 752
242 365
806 806
57 279
81 658
385 511
776 780
95 618
60 237
387 781
164 265
382 719
15 280
194 389
71 765
793 801
73 224
373 413
718 778
499 513
803 804
502 637
45 47
726 733
210 537
392 678
405 593
641 699
486 638
581 724
125 494
128 599
28 310
745 781
304 563
138 665
85 704
749 800
146 511
34 471
790 801
331 560
530 561
304 439
348 603
525 546
593 726
613 697
344 574
591 662
738 743
754 777
288 783
612 728
663 754
359 466
46 785
523 552
462 484
467 695
693 806
94 483
324 723
93 155
190 540
636 664
57 386
196 474
803 805
747 789
739 762
762 799
139 736
463 537
449 489
32 103
193 569
467 779
131 597
800 800
211 566
358 722
532 721
110 610
421 440
531 690
569 753
505 794
490 652
776 781
553 633
619 781
570 804
292 462
403 478
194 292
503 604
589 801
260 629
104 690
662 803
82 100
806 806
386 724
608 773
583 690
346 548
62 456
600 625
57 60
643 798
709 760
326 426
366 479
452 590
744 751
503 687
687 806
211 427
618 719
256 260
141 392
640 642
606 622
688 707
157 310
522 532
253 720
196 425
166 375
288 786
24 605
535 572
282 301
174 221
297 780
502 694
479 688
580 780
75 590
526 696
127 183
6 777
239 723
421 613
504 575
337 592
175 387
263 376
704 787
548 619
103 481
484 761
265 525
688 715
42 758
163 742
135 714
4 35
94 263
716 743
287 308
141 584
468 669
67 167
157 762
761 780
621 771
537 684
10 25
654 805
308 645
57 107
605 784
56 271
771 791
302 453
605 657
146 740
15 174
783 786
235 596
401 578
259 285
157 452
64 586
740 743
143 514
700 730
41 601
634 765
677 729
81 596
548 713
740 754
470 669
295 599
343 775
156 214
212 385
464 553
558 750
123 368
277 503
603 668
647 653
9 604
169 762
19 322
80 789
377 778
147 264
194 201
679 760
439 746
672 704
603 746
746 758
603 628
247 729
106 120
734 776
653 769
508 582
592 801
705 749
726 787
714 735
534 583
744 798
572 677
127 569
739 806
287 458
609 699
780 803
770 785
329 773
567 703
733 776
804 806
748 755
385 798
134 524
718 724
144 611
606 772
276 556
336 389
510 801
254 406
732 790
497 600
375 647
564 582
374 588
95 259
600 732
452 664
91 219
187 322
702 759
79 557
753 758
180 608
363 418
81 503
36 727
568 653
336 671
292 661
118 744
602 654
186 521
371 752
250 464
408 704
383 506
449 588
572 642
151 323
604 788
222 265
60 310
609 706
677 690
109 170
79 574
661 793
23 486
478 581
49 761
752 801
303 634
100 285
462 703
712 771
337 398
273 797
215 329
360 462
325 515
178 220
550 761
611 700
544 796
608 803
251 649
273 286
549 752
774 795
470 656
405 468
455 521
409 458
74 708
212 415
338 439
221 301
405 448
525 642
623 666
354 585
785 798
693 758
352 578
544 593
294 338
135 723
556 673
4 605
750 758
578 737
49 628
675 729
54 321
469 732
119 650
78 322
248 261
408 792
487 511
688 721
577 645
638 666
611 689
732 749
193 213
658 732
498 761
424 434
50 438
512 768
21 453
682 759
620 791
425 706
641 645
324 339
199 375
645 732
270 315
500 654
268 675
635 758
4 325
242 284
103 675
504 697
511 591
640 737
312 606
803 804
188 567
169 183
491 794
452 573
572 759
189 760
307 591
88 764
432 674
555 696
414 442
310 421
208 742
93 688
28 109
663 715
223 628
8 746
106 318
236 541
347 774
201 262
486 643
340 718
276 653
595 780
426 728
62 478
443 578
211 751
495 680
524 710
292 463
574 765
716 766
725 743
781 798
293 543
746 782
600 774
532 728
551 799
759 762
671 799
165 278
652 706
759 772
520 641
368 402
438 646
573 733
288 756
96 786
325 352
645 803
28 504
382 539
240 593
478 606
484 736
683 713
21 385
710 769
178 288
195 307
253 756
618 753
446 704
716 763
702 806
573 725
275 740
322 668
249 735
475 633
63 537
365 592
674 775
656 747
274 674
497 741
582 651
722 734
297 656
428 690
400 798
640 789
47 711
622 754
100 206
616 763
139 368
736 763
223 681
489 715
760 762
774 788
430 685
204 548
480 771
162 586
483 715
15 360
710 767
207 552
254 741
705 720
527 582
153 539
176 470
113 284
250 252
153 499
131 512
737 763
560 671
784 790
435 682
636 673
756 803
518 635
501 522
392 741
322 519
279 763
342 356
12 644
500 704
94 692
306 801
804 806
153 575
152 375
294 315
205 300
114 309
337 523
182 525
518 793
771 785
252 628
790 791
134 696
772 782
583 672
441 667
185 359
33 630
615 796
664 691
402 514
281 644
572 763
57 504
340 675
634 725
805 806
84 580
122 737
749 767
700 783
263 476
411 745
476 694
322 359
667 674
676 736
754 758
533 556
425 788
106 708
288 801
340 404
327 518
629 757
498 712
712 757
318 490
753 782
154 636
654 768
293 645
225 632
401 738
124 602
683 723
399 802
387 742
40 690
142 300
593 639
333 338
574 621
40 471
92 640
561 661
151 668
327 647
171 236
203 642
537 590
791 799
452 626
461 654
15 127
603 656
217 757
771 773
352 615
644 707
196 257
245 371
373 691
259 785
420 737
121 274
314 792
484 777
421 764
523 692
28 775
406 698
352 384
376 519
284 504
762 800
568 617
35 523
164 794
145 288
16 675
422 785
673 736
565 698
333 642
326 418
190 748
77 127
163 748
555 752
284 534
83 494
758 785
524 663
70 492
801 806
445 589
279 470
182 739
495 724
383 513
261 783
176 516
309 518
236 491
235 308
461 755
84 84
203 739
538 788
165 669
88 138
762 802
423 454
716 735
294 613
68 389
602 692
673 706
716 724
400 621
755 768
42 553
429 644
616 731
117 189
217 539
745 789
262 333
605 678
89 282
3 209
358 418
545 611
440 460
399 755
518 653
619 742
290 483
529 628
525 637
336 494
32 375
587 608
777 804
114 264
789 803
477 778
568 686
16 277
161 667
588 630
464 631
282 700
268 614
462 648
81 687
319 618
20 649
468 742
700 713
746 771
232 317
166 564
350 388
731 794
200 357
168 291
493 748
334 435
692 694
722 740
288 472
528 659
57 679
691 722
546 547
285 542
219 660
524 775
317 600
300 793
683 786
701 756
712 768
261 790
631 736
453 584
105 435
271 738
29 487
387 739
97 296
534 673
520 630
101 614
621 748
88 437
327 726
79 718
168 496
