892 567
537 757 314 434 856 61 323 478 853 487 956 423 224 326 831 804 510 201 939 959 573 704 827 575 723 550 875 176 753 463 232 668 812 145 119 461 821 611 541 423 88 447 200 981 587 5 67 89 629 85 271 184 305 659 406 341 911 642 608 155 154 734 125 253 80 1 6 476 730 623 527 207 126 331 988 210 644 698 637 822 456 557 316 994 674 100 696 454 21 996 704 54 503 726 602 165 391 636 935 134 667 289 978 796 271 915 345 829 297 88 66 491 637 10 733 704 115 880 482 158 78 658 548 655 819 139 137 486 761 967 322 374 987 816 829 107 848 599 769 325 242 310 724 813 372 165 256 671 37 536 247 570 486 607 943 930 920 245 734 723 585 275 84 288 713 471 169 961 303 984 648 85 390 541 649 627 923 461 485 526 497 56 308 768 271 815 792 786 953 433 179 466 855 519 66 657 33 730 503 689 752 907 930 761 594 835 230 934 685 979 747 75 401 578 292 959 651 46 692 922 679 450 448 252 699 345 262 771 346 524 214 885 469 586 97 470 68 313 760 211 177 876 989 626 370 393 601 272 743 544 225 385 351 612 95 687 860 617 597 561 87 222 848 733 95 384 282 263 419 234 600 3 990 760 490 761 75 402 282 612 827 752 764 866 403 164 607 396 926 877 216 351 953 293 538 709 10 256 608 491 122 864 564 445 321 101 107 928 41 831 155 574 92 652 560 312 98 243 999 932 200 796 980 809 528 649 591 773 745 398 138 845 956 318 829 681 167 526 142 521 77 311 80 475 530 654 249 844 714 748 551 393 145 851 938 324 688 748 813 730 103 535 928 686 174 536 277 92 760 937 190 238 541 381 236 674 919 83 483 948 223 205 623 104 654 649 680 695 811 223 750 780 602 428 492 921 32 286 392 765 271 93 776 77 506 435 37 306 334 677 595 135 341 336 855 3 170 444 733 811 61 402 468 78 427 85 324 446 116 474 5 621 286 394 736 642 71 934 511 828 363 324 454 91 937 904 592 410 754 642 614 565 814 558 858 603 814 805 6 147 524 234 307 313 225 421 244 934 410 142 209 712 460 574 275 912 823 742 993 9 702 717 558 482 643 720 768 610 186 257 595 358 652 519 346 395 876 229 87 837 551 518 841 343 306 88 838 136 56 298 677 482 330 745 318 808 39 690 413 114 496 505 64 164 84 883 365 997 374 902 190 316 854 598 619 906 406 838 78 317 180 286 213 987 208 94 701 996 361 314 531 81 261 752 487 282 108 330 296 408 209 981 784 853 398 454 322 35 207 851 353 835 701 941 390 881 146 377 237 459 375 235 294 245 63 175 442 489 278 745 805 493 555 214 330 238 716 512 35 500 474 911 262 99 975 488 310 948 834 733 428 380 634 23 247 703 278 918 763 942 93 349 864 941 20 162 719 471 556 509 19 157 471 743 173 58 799 669 406 978 462 952 841 773 771 73 950 141 315 108 159 128 953 205 14 330 434 417 449 761 818 92 132 265 827 681 846 789 984 641 518 986 469 455 513 20 213 711 331 640 987 896 522 685 796 714 968 481 96 753 541 771 430 464 113 325 461 166 251 866 501 242 890 124 817 44 600 649 308 576 235 286 324 287 327 294 208 96 3 51 26 500 616 303 796 354 490 778 315 118 166 938 233 510 638 66 713 711 617 57 912 932 937 89 962 87 976 580 256 515 484 697 127 242 842 682 771 2 995 591 168 113 699 633 723 578 784 581 372 292 214 201 343 390 333 430 666 514 486 999 982 368 558 595 52 643 519 485 654 106 66 163 563 991 22 651 440 667 305 649 253 258 310 781 814 982 532 709 606 528 708 851 410 876 973 228 132 552 798 617 506 264 809 117 373 805 896 828 293 89 384 55 627 202 460 60 450 535 615 228 702 471 811 493 664 240 347 464 801 924 963 723 363 789 796 915 453 859 328 296 752 181 850 480 702 987 249 298 741 82 44 229 457 698 153 583 543 606 296 525 38 928 167 550 384 111 549 747 229 436 506 766
504
882 882
193 739
593 675
460 628
226 479
463 489
518 877
193 796
602 829
714 807
803 869
92 699
790 871
242 477
886 888
500 810
244 565
289 391
224 516
884 884
484 627
608 885
119 505
657 782
510 532
261 288
820 865
748 797
563 635
181 837
70 575
463 510
334 696
554 748
268 347
636 672
805 836
891 892
829 855
651 853
288 592
175 724
743 756
539 682
277 765
262 674
551 669
679 818
103 594
348 476
282 764
793 888
330 599
362 667
850 876
352 890
776 854
641 857
214 291
851 890
702 727
835 867
265 669
792 862
102 319
313 835
285 858
749 790
695 862
353 826
658 794
569 792
590 881
788 841
347 695
470 822
689 849
872 885
626 756
427 714
853 868
216 344
406 789
232 834
79 581
415 514
219 819
640 698
310 570
189 694
685 731
154 256
164 728
690 692
23 862
495 710
224 295
234 559
136 217
20 790
536 891
45 498
740 781
65 741
838 883
814 850
759 836
890 891
473 488
724 793
589 660
141 259
253 256
645 737
48 891
732 738
637 848
244 766
416 850
332 729
216 622
869 889
706 829
280 603
430 702
209 326
70 548
394 796
429 641
41 468
244 860
323 830
271 817
726 839
765 892
386 776
830 884
212 702
571 649
469 593
609 748
609 763
521 731
500 763
46 554
246 578
776 847
457 788
586 875
475 741
551 809
238 404
603 819
526 624
354 846
335 729
643 814
786 892
458 751
253 497
380 703
425 599
499 672
344 422
82 736
154 296
638 676
330 354
638 638
653 853
140 744
580 655
815 883
237 849
801 856
70 711
65 204
449 681
161 367
597 812
136 474
839 877
607 874
494 624
105 758
509 870
620 633
427 812
851 854
672 712
149 653
597 856
473 712
236 669
839 883
842 860
17 733
831 868
301 631
63 341
209 787
180 351
435 737
630 762
303 621
12 437
676 694
830 856
791 811
648 698
539 781
676 871
495 708
89 469
180 810
854 860
575 816
783 853
153 709
442 619
140 336
161 312
440 708
608 684
39 471
704 733
142 495
762 777
268 864
637 684
637 707
864 873
173 620
36 157
482 737
513 722
753 804
354 618
474 892
125 831
358 718
591 849
268 781
326 722
738 877
314 664
388 696
265 287
129 692
77 439
301 755
733 792
305 491
479 702
356 721
633 831
173 791
513 593
522 669
573 732
563 798
496 840
847 887
493 812
226 230
153 709
30 314
509 517
59 558
790 859
371 420
51 724
91 621
672 871
600 770
501 648
746 817
556 752
749 795
760 769
24 629
776 874
228 334
616 842
248 817
536 740
559 598
325 638
780 794
186 241
146 555
236 447
369 680
782 877
717 730
624 683
615 678
871 881
623 892
336 597
174 842
503 714
166 821
408 779
156 868
759 860
262 803
141 415
627 662
759 870
198 689
77 228
265 716
463 698
309 428
420 861
100 744
416 701
684 714
239 760
25 659
865 890
541 744
769 791
175 447
575 887
599 742
104 621
732 813
387 577
324 581
55 397
295 516
707 877
792 825
221 271
819 846
223 543
663 884
804 821
586 591
876 883
192 545
396 811
352 661
230 831
110 671
263 478
257 257
108 743
402 714
213 828
534 556
604 698
842 855
458 864
574 824
669 730
478 508
767 864
488 621
639 696
521 651
164 611
15 405
254 487
34 714
483 821
198 819
718 845
348 430
625 820
385 567
566 833
815 890
181 220
754 891
562 879
386 655
872 890
606 875
428 496
117 257
129 369
89 420
125 336
256 498
205 354
614 712
57 801
359 609
746 874
753 800
826 848
857 871
219 761
531 838
437 573
823 830
43 193
688 868
141 700
170 450
876 876
59 543
153 377
792 809
255 773
413 554
452 509
873 873
228 605
598 723
166 514
838 855
365 393
806 855
249 570
23 31
787 823
658 874
433 488
390 508
437 455
341 347
676 734
534 735
653 809
607 880
738 801
290 514
289 420
314 565
478 684
698 798
523 629
439 458
564 794
208 838
154 763
282 710
786 801
572 812
336 581
601 714
538 687
41 219
471 867
727 878
494 852
205 271
332 641
790 811
322 416
861 875
364 790
795 807
421 590
739 877
33 806
479 573
388 778
788 809
400 595
442 499
634 780
32 248
381 397
53 672
438 639
480 889
161 606
605 731
549 698
838 858
851 878
198 858
812 882
835 847
52 754
273 606
777 787
597 739
123 549
314 664
639 848
409 559
359 725
596 803
605 689
123 162
759 797
577 863
889 890
35 144
671 862
634 861
872 876
477 805
406 770
794 847
523 761
639 704
620 771
