933 766
604 178 679 374 953 609 939 7 61 323 583 502 986 388 7 116 348 994 317 900 433 299 331 418 700 568 518 805 196 487 813 881 673 208 664 395 464 969 735 790 373 857 909 237 351 441 840 627 428 633 512 408 593 470 907 613 454 472 544 57 451 223 300 726 593 573 927 726 126 246 655 212 79 43 919 460 908 684 947 633 624 259 471 673 238 534 566 805 595 164 404 505 689 212 717 232 780 681 236 645 144 213 815 264 489 694 806 609 830 841 768 604 257 896 431 733 230 236 687 807 424 634 37 897 829 840 544 22 891 993 563 871 733 869 192 804 391 229 731 238 921 826 18 251 359 580 462 347 291 917 357 641 479 841 881 712 263 240 821 122 276 904 340 906 614 717 596 511 432 896 968 545 172 936 112 635 792 151 124 621 187 784 346 74 799 337 612 165 171 294 311 988 936 408 778 752 147 659 310 2 695 97 442 477 956 649 568 733 576 78 56 476 610 101 237 815 728 803 883 341 440 432 194 530 647 973 462 410 291 350 230 435 727 632 162 48 21 624 406 591 232 537 607 5 749 976 675 540 617 338 952 779 21 93 766 208 128 918 308 118 873 469 709 929 491 431 941 589 766 971 410 283 627 537 86 409 22 482 871 425 37 26 237 365 968 696 667 63 500 378 637 237 482 55 325 393 445 468 253 193 61 387 24 30 380 974 213 199 957 644 845 891 915 707 775 2 960 769 359 221 727 604 547 158 91 391 686 559 71 826 255 82 486 317 457 453 404 899 292 166 858 66 191 15 70 640 53 689 341 783 331 146 914 437 401 847 420 901 627 486 965 927 783 891 215 576 710 962 284 179 211 349 478 372 927 224 240 321 357 453 875 637 574 356 160 463 394 937 58 70 44 990 157 418 868 817 202 703 894 771 570 359 337 990 339 156 409 967 321 552 907 289 477 193 494 689 459 219 707 425 974 784 229 499 673 583 336 122 95 788 152 404 455 20 634 606 894 738 915 193 289 509 806 69 865 334 245 621 966 968 864 934 368 422 633 729 187 610 125 587 324 111 142 991 932 305 659 895 193 747 341 94 946 634 667 872 94 794 89 459 717 923 47 11 925 751 180 365 288 39 82 629 205 977 630 635 658 316 459 419 558 353 379 150 954 855 320 650 217 82 160 253 773 368 838 377 249 525 722 890 317 512 605 792 681 126 401 222 925 872 201 927 364 275 262 356 663 980 281 948 770 912 353 10 946 283 352 617 722 111 677 875 94 900 531 797 414 340 780 668 774 390 733 30 801 781 101 633 816 578 501 874 766 96 866 560 407 838 823 123 949 825 82 922 975 247 407 48 284 101 337 40 424 111 31 687 679 804 733 355 987 443 178 153 483 638 446 607 787 82 74 513 953 469 394 901 742 529 662 172 756 675 948 769 749 188 889 309 400 407 402 93 585 79 708 125 881 149 733 101 303 836 820 582 1000 91 706 183 662 916 697 8 578 668 513 738 338 78 301 390 423 376 146 987 517 118 326 838 943 460 743 819 725 462 344 545 920 438 0 676 976 656 314 451 456 535 906 413 465 931 775 527 968 793 99 36 716 863 232 875 58 891 820 615 113 483 377 154 615 725 386 478 931 110 103 169 507 215 729 789 122 10 395 146 294 740 655 457 32 673 383 996 56 282 968 262 45 124 833 525 377 853 762 155 19 842 232 1000 3 952 197 563 605 610 455 19 988 159 268 279 406 272 265 704 112 572 834 409 501 368 761 303 980 101 81 982 166 442 137 788 328 511 894 238 818 243 731 687 904 50 862 178 833 640 101 656 768 278 506 990 441 882 871 689 799 395 140 817 314 760 969 807 233 591 429 381 363 227 933 567 185 801 291 551 391 854 655 959 368 688 219 228 698 181 815 908 529 342 513 343 682 825 60 424 162 214 259 685 107 46 682 913 347 108 400 699 438 654 773 171 801 980 152 199 923 404 408 15 973 831 517 342 468 350 408 757 938 610 787 898 930 112 370 395 637 124 30 336 352 810 802 895 147 53 663 765 387 68 266 411 633 424 202 670 101 460 330 57 47 840 929 304 854 16 453 728 590 578 562 339 773 272 992 46 464 541 656 909 369 830 309 434 847
502
644 646
595 639
862 863
410 861
171 583
377 790
88 103
209 449
910 918
165 312
319 661
809 918
502 823
282 919
561 920
530 798
29 177
780 787
80 372
220 607
399 418
458 866
281 596
366 822
89 169
764 789
438 706
855 874
588 620
644 849
724 913
382 725
772 933
26 780
113 379
931 932
802 871
83 531
14 511
452 624
915 917
888 929
562 695
222 666
644 650
879 893
266 731
715 730
412 455
587 820
117 298
117 383
236 735
426 849
408 836
207 909
217 548
48 152
890 915
537 920
577 918
735 914
265 705
470 569
897 913
933 933
879 891
385 628
190 779
1 753
862 887
776 813
813 897
663 770
625 636
553 612
713 855
835 891
659 805
515 932
319 451
240 923
776 853
405 700
569 831
645 651
71 250
304 567
549 627
793 801
4 898
644 729
719 783
743 844
754 828
142 326
614 748
295 358
447 748
724 784
537 824
4 65
818 906
707 826
146 703
882 898
685 732
310 779
638 666
643 808
682 704
489 569
842 845
498 670
842 884
623 710
624 920
346 485
114 205
456 457
861 912
719 931
141 173
264 565
592 892
911 926
219 493
796 927
910 911
924 931
694 874
850 894
242 847
838 875
678 899
90 324
276 371
701 718
231 788
442 792
759 809
429 924
510 827
617 874
384 746
361 713
804 807
41 598
256 682
378 912
781 866
281 404
360 451
468 747
907 912
441 633
56 592
492 505
716 794
664 761
694 812
160 520
600 702
135 617
587 600
503 713
230 233
647 702
795 922
192 855
763 830
441 738
755 820
20 46
924 927
545 925
871 898
870 904
230 819
651 810
69 612
109 133
253 451
74 808
3 7
354 927
103 512
555 616
164 891
271 420
607 755
330 429
167 822
452 647
757 884
862 875
484 777
713 748
617 875
224 602
502 860
143 843
620 697
489 816
746 922
802 808
132 286
661 859
382 763
618 822
416 541
820 889
312 538
530 755
606 696
489 837
860 886
234 904
282 722
134 307
727 779
468 690
718 800
439 928
394 795
892 909
555 836
632 684
587 808
877 897
914 921
55 369
599 924
866 878
340 367
371 850
73 596
58 621
145 334
293 576
329 529
497 719
375 827
408 910
881 887
129 898
929 930
536 646
406 827
423 749
23 791
564 890
334 741
834 898
920 933
261 742
690 830
343 507
316 461
202 850
807 854
637 773
677 734
597 803
652 784
459 841
409 660
136 770
703 914
180 557
847 917
767 903
631 886
125 749
713 929
411 417
315 381
380 707
906 913
113 777
382 565
876 879
719 740
817 919
401 645
656 874
715 908
522 530
704 806
672 868
675 703
728 747
888 899
869 898
716 770
222 580
423 689
796 884
349 913
825 879
447 455
167 466
395 543
369 538
481 808
642 692
408 680
596 880
445 486
627 822
362 426
796 903
312 606
700 846
617 773
168 304
806 814
533 610
197 792
600 869
254 930
924 932
641 689
341 592
147 371
618 627
462 638
83 119
698 864
917 924
652 859
318 748
648 918
171 305
396 439
560 674
325 525
687 854
531 883
84 210
433 861
117 331
814 818
314 917
596 899
1 135
683 860
783 838
312 762
886 912
624 744
588 727
101 728
245 532
422 741
222 234
468 541
708 739
657 805
303 809
243 816
725 888
69 401
171 652
66 926
232 575
731 782
494 598
604 623
471 563
632 645
199 674
485 494
209 568
489 757
813 882
25 160
737 844
420 710
143 454
600 743
307 453
379 521
799 917
161 696
462 653
214 564
457 636
602 904
296 888
186 647
770 853
818 903
933 933
462 769
535 823
146 710
544 916
615 651
81 389
160 163
374 375
730 922
564 688
150 328
625 772
710 797
345 880
568 754
866 902
916 928
228 598
920 920
699 902
692 760
58 559
427 573
270 589
805 855
55 498
60 883
518 766
214 614
386 603
932 932
426 749
783 796
899 920
723 908
901 916
656 875
863 868
605 793
408 659
4 217
642 910
297 719
254 758
316 479
39 44
516 694
783 918
562 877
404 622
611 721
286 816
276 345
132 318
715 759
604 861
149 203
328 589
195 715
885 916
519 845
72 590
636 677
348 567
26 721
186 203
759 813
142 239
453 587
77 516
532 551
636 755
594 925
520 771
448 563
742 929
443 489
430 523
566 707
850 925
662 701
714 838
35 759
787 867
647 933
272 568
117 866
305 763
336 340
196 835
258 823
126 426
305 458
733 737
782 862
580 681
158 923
21 232
511 813
418 622
434 700
596 677
512 910
628 704
46 318
678 711
794 811
153 848
