824 561
796 329 139 181 754 846 479 831 630 9 278 795 71 875 555 40 401 183 710 231 817 165 29 965 481 549 442 783 902 66 742 905 337 0 549 28 221 185 815 706 678 887 87 953 460 89 835 377 181 899 574 819 877 590 653 127 967 937 70 13 35 92 905 784 52 453 764 972 956 62 597 278 708 964 689 890 996 234 140 706 954 224 523 33 148 30 409 146 976 467 515 824 824 142 999 831 191 69 14 289 1000 566 490 503 306 795 632 768 583 411 67 215 35 655 34 744 399 110 96 614 658 102 725 776 225 173 771 497 487 899 565 907 436 219 343 931 709 302 525 912 313 737 822 415 273 565 117 720 718 99 589 885 707 332 366 132 773 233 353 132 120 18 344 438 804 193 909 895 689 334 253 893 722 48 43 346 205 734 207 539 891 653 381 913 496 186 743 877 594 844 272 488 133 260 72 580 982 17 781 307 233 606 575 53 5 479 743 675 366 538 143 954 395 26 830 204 186 883 552 542 653 885 136 782 477 573 949 128 184 419 117 156 428 343 914 998 181 619 226 141 591 68 304 666 407 710 229 243 195 730 824 143 933 115 201 80 568 485 1 176 18 984 250 870 749 142 336 144 54 76 283 630 768 515 291 187 653 750 360 514 580 328 657 938 133 451 531 564 6 865 709 405 472 21 641 168 264 887 626 182 765 100 638 786 415 27 919 31 886 945 816 120 66 780 217 241 961 88 908 19 536 862 278 542 767 372 330 482 532 588 607 7 529 346 158 117 934 486 966 28 298 86 229 720 38 417 780 171 493 135 927 552 845 957 986 29 632 603 283 820 760 957 7 941 856 96 330 580 794 112 303 785 587 14 405 292 68 381 297 754 822 298 279 844 520 359 410 702 425 240 352 485 546 6 219 804 354 998 201 200 729 850 443 28 822 470 289 573 217 745 947 91 370 334 463 346 974 51 448 42 265 407 744 252 979 359 916 717 317 114 662 643 15 559 98 28 903 804 756 160 566 397 73 898 480 936 363 607 234 938 967 582 153 340 793 366 843 458 87 185 324 126 397 54 467 437 931 253 685 619 35 661 125 306 634 890 480 212 848 250 545 781 417 461 367 621 412 25 851 674 368 746 208 269 907 440 913 773 118 343 422 491 291 80 639 288 93 620 271 406 844 197 800 968 944 410 331 837 926 524 776 724 897 86 875 237 734 310 32 422 330 115 68 323 940 552 197 540 160 993 550 837 117 398 545 961 331 669 559 517 249 233 838 399 73 839 60 880 463 124 708 920 610 230 834 797 644 432 999 923 467 917 463 708 508 838 780 704 85 898 191 365 77 97 365 739 792 787 129 594 100 383 759 331 531 140 546 122 977 916 646 288 37 108 563 956 858 178 1 268 451 848 388 256 352 265 599 59 148 877 468 39 453 506 259 813 955 188 906 520 468 328 3 88 524 472 334 509 478 647 743 262 710 154 210 165 327 264 899 221 685 557 674 219 79 313 651 817 796 886 301 524 907 161 494 520 129 569 589 588 125 905 882 717 411 62 248 235 862 104 101 647 424 400 762 649 198 84 964 323 900 830 862 5 156 847 566 887 412 385 623 300 539 181 183 705 732 318 233 925 229 313 756 301 165 295 415 683 599 856 477 510 768 232 836 351 6 54 232 257 757 193 256 719 137 209 123 135 897 944 899 962 670 358 900 625 622 904 621 853 908 482 384 67 665 187 724 114 985 469 953 77 895 72 37 385 903 206 529 646 120 433 1 809 538 980 240 37 448 866 369 25 72 666 689 138 636 259 869 393 96 361 266 487 995 57 72 606 986 409 793 528 318 424 908 185 92 968 677 550 257 370 956 643 119 584 41 274 56 372 787 817 633 2
595
577 625
663 772
696 716
677 680
37 550
39 456
176 519
127 709
576 824
552 788
588 672
606 608
548 551
401 612
336 601
19 399
691 766
723 762
336 518
21 71
503 624
158 620
545 662
420 593
182 733
382 687
115 300
84 548
476 510
466 816
100 288
494 790
565 733
49 179
33 210
367 603
379 564
47 397
581 610
370 571
357 778
235 668
741 749
186 276
254 289
250 322
261 780
11 255
601 610
61 299
45 801
69 708
257 304
67 308
261 655
151 373
715 767
651 773
441 535
363 599
373 669
195 482
278 683
517 791
698 818
213 470
559 724
585 822
203 206
50 639
797 814
466 818
376 513
691 772
708 784
358 588
536 769
550 600
50 475
533 731
183 655
405 647
692 726
800 802
823 824
801 807
158 686
562 696
233 256
757 758
426 770
14 163
392 651
485 661
532 739
381 786
684 785
807 824
343 714
364 733
670 769
740 749
362 537
665 786
700 706
224 372
117 606
551 691
21 163
383 760
359 684
294 799
678 751
27 406
174 215
7 670
759 808
348 767
669 731
231 383
360 376
765 816
810 813
631 640
18 482
530 787
379 588
184 380
220 348
171 363
795 808
295 311
255 358
53 566
483 591
500 527
763 822
367 502
497 742
771 824
101 433
437 667
290 515
755 762
300 587
261 642
670 775
173 476
362 366
281 300
174 342
553 566
519 707
128 353
1 303
737 786
766 791
363 442
798 815
226 508
536 747
581 767
378 560
30 51
118 215
105 129
614 743
267 656
120 677
29 112
376 651
619 777
682 743
227 560
419 545
217 496
110 179
380 785
667 712
145 324
764 800
615 792
110 482
648 695
41 301
411 416
592 780
523 529
90 463
5 274
477 817
194 795
703 741
18 46
432 748
60 220
29 565
670 744
722 735
798 805
547 730
352 710
651 754
412 633
799 812
806 812
175 810
297 528
305 491
692 804
789 823
494 614
522 626
343 587
572 633
248 393
618 721
140 589
529 565
204 820
463 657
80 435
275 296
600 721
794 821
312 760
72 601
778 801
726 787
783 815
318 587
321 385
450 468
96 811
82 289
816 816
296 580
23 37
325 525
639 799
323 593
57 588
773 819
622 796
694 817
491 780
335 668
778 820
572 780
615 739
533 611
424 697
526 590
229 737
453 506
132 353
611 649
377 486
821 821
686 812
227 628
244 511
385 458
309 399
733 779
557 721
164 368
789 815
340 375
228 601
213 315
731 763
717 758
742 765
43 117
761 790
291 469
128 625
608 763
755 769
70 645
431 764
571 614
366 823
263 357
688 743
464 481
682 797
248 524
348 552
132 586
674 820
310 552
83 365
166 566
417 771
626 818
296 444
136 141
727 731
22 564
607 652
655 790
537 566
772 824
750 821
486 619
391 743
357 750
365 605
174 192
668 824
47 282
524 691
608 795
261 504
283 544
583 693
543 663
26 413
439 709
260 796
53 548
14 749
98 220
605 733
525 588
84 270
528 672
220 463
7 679
180 768
783 803
556 641
643 661
400 557
708 749
94 203
364 534
461 776
532 753
167 811
384 550
764 804
270 715
276 495
709 798
465 683
263 457
181 802
609 664
357 660
8 133
186 456
139 339
530 683
15 82
507 624
349 780
251 332
7 265
762 778
608 734
377 398
605 770
631 756
346 747
312 466
399 552
715 776
508 738
98 668
642 734
715 809
17 161
75 451
49 263
598 621
152 769
805 809
205 345
204 250
193 422
558 797
702 738
437 706
367 640
211 647
611 621
181 532
538 669
288 368
283 772
228 446
818 823
663 788
336 500
242 482
286 313
253 559
620 822
486 754
632 785
683 685
579 625
55 670
570 598
270 709
484 524
539 772
562 677
605 747
804 819
313 806
292 547
484 714
470 534
628 689
446 793
24 76
530 717
604 628
128 765
689 692
114 785
647 786
587 765
771 824
656 817
775 790
799 800
22 624
423 640
575 671
504 542
579 648
313 628
616 645
102 656
534 589
497 757
730 760
541 773
408 596
462 709
585 700
334 606
651 754
174 440
11 169
209 746
25 813
35 57
160 682
643 780
443 591
650 808
175 613
204 455
172 264
465 712
270 697
234 496
309 799
365 757
267 534
749 797
648 686
687 756
203 571
42 416
197 733
686 763
374 538
795 816
685 729
44 555
424 517
704 747
416 625
352 730
237 445
516 799
672 745
490 650
328 329
129 132
229 734
282 551
648 778
687 819
128 386
194 298
18 75
206 634
702 770
104 167
490 796
90 159
175 683
423 618
466 820
532 605
797 824
780 780
423 612
774 824
166 171
532 726
33 474
809 824
62 297
358 752
131 796
285 759
642 744
444 595
149 149
43 744
647 771
428 704
787 822
227 600
716 756
227 421
213 537
297 768
137 822
677 772
218 734
72 691
433 586
97 730
649 754
17 576
543 621
119 652
39 105
264 555
806 817
301 675
573 768
582 765
88 490
548 651
544 586
396 513
726 818
548 740
16 224
98 258
428 472
638 694
602 705
407 525
772 810
207 299
794 816
578 819
477 744
192 316
229 799
496 811
723 782
572 585
461 758
60 358
603 669
504 645
734 782
658 766
419 518
533 628
15 195
711 745
603 750
22 44
596 790
412 452
568 781
294 681
146 647
823 824
194 812
706 776
554 749
14 175
206 538
554 760
62 371
706 795
278 338
155 336
640 663
380 789
