1000 57
528 240 115 316 26 137 267 249 353 437 909 334 650 708 894 748 690 458 326 112 665 504 51 345 410 425 94 885 319 765 591 906 935 345 127 862 476 438 773 614 879 493 970 909 412 189 961 466 574 244 220 505 636 963 934 357 346 4 487 726 185 171 593 672 25 204 20 205 991 212 433 179 645 266 914 573 90 441 652 76 556 567 174 737 404 678 341 353 115 593 699 565 548 603 471 265 898 494 628 520 881 558 625 952 326 711 785 559 366 378 288 887 398 294 14 268 432 970 592 366 291 15 605 850 664 697 656 541 475 59 29 897 738 283 92 652 873 735 383 151 749 839 422 921 805 536 277 45 745 381 778 114 981 872 126 290 243 629 862 860 895 318 459 895 328 358 512 108 605 775 289 36 846 439 988 483 735 256 22 4 504 849 548 286 239 721 93 173 173 165 884 114 76 331 594 416 518 854 3 205 158 760 902 181 408 188 911 288 239 513 502 986 285 323 668 397 330 55 561 339 944 130 210 960 339 610 243 961 711 2 425 993 419 268 798 645 643 993 190 295 101 559 213 412 329 835 207 501 300 363 834 479 817 317 839 820 667 838 562 129 95 676 258 375 220 174 125 180 396 755 253 760 13 482 937 88 624 727 983 508 390 387 488 654 245 440 225 106 2 175 257 435 329 320 413 127 865 380 366 348 938 267 938 858 914 164 253 823 492 281 709 41 533 345 736 668 955 873 403 469 731 258 633 438 995 443 950 734 475 507 156 619 409 154 709 173 821 706 758 164 763 518 818 544 371 298 101 26 526 810 173 50 47 259 856 885 708 75 854 188 673 841 314 114 773 784 71 800 504 103 403 311 977 115 533 928 661 935 910 708 490 461 360 468 28 655 231 465 362 750 546 882 562 278 633 562 772 660 91 369 371 852 894 511 845 16 78 196 276 552 33 53 958 925 1000 228 244 492 400 566 674 978 933 284 760 409 257 478 7 866 684 704 402 495 846 503 130 145 805 122 580 186 301 524 796 601 201 55 78 138 966 688 635 629 792 461 488 98 944 294 707 175 365 726 176 175 202 238 860 746 114 36 563 684 165 193 503 320 586 49 806 50 145 929 794 216 68 554 568 625 644 342 563 453 46 135 919 400 256 235 263 151 76 978 925 941 492 905 594 745 251 111 788 895 695 209 724 656 421 958 598 211 879 667 54 251 695 593 675 579 948 13 393 579 452 121 667 563 759 442 235 930 838 117 550 0 854 441 210 851 684 208 256 65 520 207 668 410 770 237 936 905 448 885 597 446 386 953 660 198 885 967 325 523 9 636 763 795 744 825 422 958 744 195 818 836 47 865 99 521 161 668 288 188 853 819 512 694 446 966 620 476 342 741 756 554 869 333 430 310 501 330 484 724 287 330 832 231 689 698 516 937 630 973 696 231 909 250 520 300 881 31 341 893 849 525 838 962 494 468 366 469 297 918 418 10 559 93 751 762 948 569 778 569 61 743 211 246 654 614 341 435 200 595 249 896 212 404 162 48 146 27 230 1 64 185 844 241 266 728 255 543 921 261 694 253 637 577 319 249 853 114 212 967 620 917 689 99 184 569 337 472 371 701 316 436 392 417 974 463 385 235 470 898 228 473 968 823 158 632 408 561 420 237 699 387 30 3 265 771 393 396 36 980 661 753 835 60 779 140 742 778 135 577 539 34 9 814 191 228 362 392 215 182 661 695 98 485 390 497 175 905 736 529 0 662 134 413 940 425 918 133 772 574 470 867 290 569 696 324 437 73 869 476 572 533 989 164 25 51 981 857 644 990 978 433 352 552 925 214 315 970 219 146 164 785 998 63 445 361 780 597 160 569 372 514 898 287 645 727 939 561 690 34 687 44 569 794 299 477 193 900 901 554 332 957 531 268 501 488 841 466 710 825 68 34 125 18 175 725 423 717 781 645 533 950 721 298 395 859 27 423 633 840 339 202 384 300 654 477 650 499 359 616 645 846 644 447 860 124 517 23 919 416 486 447 269 53 810 632 380 169 788 5 447 706 32 391 638 305 41 435 516 445 996 104 191 725 865 681 428 657 140 863 723 614 897 414 32 1 157 116 301 732 412 812 829 344 919 349 795 990 98 197 282 365 242 841 726 89 286 446 697 416 161 229 553 123 992 713 11 219 703 460 578 882 873 696 410 419 414 870 20 987 67 917 500 660 195 317 736 610 196 51 768 991 568 867 185 434 479 356 573 133 620 400 792 919 24 535 478 946 670 186 272 658 422 693 68 500
916
227 489
456 968
468 961
131 846
373 942
304 686
367 988
176 946
204 834
245 684
19 952
486 985
335 971
275 972
392 802
107 501
389 866
137 285
390 994
30 819
161 697
477 990
81 354
95 283
410 913
138 955
151 629
396 904
411 919
222 506
222 954
167 872
210 522
100 259
191 594
464 969
400 992
44 142
377 821
171 795
201 406
68 941
290 683
202 644
240 849
396 907
30 429
423 885
373 892
349 712
116 556
289 820
467 944
373 936
234 723
60 728
345 884
495 995
252 829
29 432
337 880
293 818
202 484
293 722
426 859
163 720
407 962
385 829
466 990
379 884
268 806
437 974
349 922
301 932
311 850
98 820
417 885
306 981
113 671
245 657
67 997
117 541
456 943
327 804
388 976
171 818
391 996
374 903
122 389
427 893
154 467
133 434
36 601
423 976
293 748
213 683
271 651
416 890
107 520
421 941
216 837
462 956
53 572
373 870
31 119
120 721
253 687
90 255
480 992
490 987
87 292
115 947
273 732
363 945
480 996
247 545
250 693
445 990
185 580
463 927
211 557
33 917
249 513
434 882
156 438
103 645
160 479
155 829
256 663
269 668
484 996
71 629
197 852
285 928
42 832
159 783
64 564
72 338
431 951
40 326
459 987
83 563
455 924
323 734
306 935
266 909
125 978
491 996
95 871
106 689
201 632
13 377
35 509
438 919
234 992
390 808
284 710
485 971
495 990
11 261
290 699
324 969
189 565
471 992
61 933
434 937
28 949
232 861
4 433
490 986
223 998
302 996
140 336
381 805
198 851
32 772
282 834
126 296
273 958
222 799
213 663
107 461
351 869
399 885
280 916
233 558
141 362
9 352
337 735
31 384
391 834
98 249
492 994
267 912
195 501
267 654
397 913
87 515
194 997
307 690
491 991
198 448
185 503
448 971
105 741
449 929
255 825
101 609
5 203
269 582
298 646
420 978
161 935
454 955
142 694
108 357
436 927
489 981
455 936
448 912
268 977
187 461
167 562
407 955
272 727
99 761
499 998
352 932
395 933
297 903
393 954
102 927
142 521
405 828
18 321
135 307
387 824
467 965
291 766
419 858
212 868
458 923
217 965
408 862
196 675
254 757
199 868
98 515
65 926
465 992
240 873
44 598
62 807
457 916
324 726
332 950
180 993
306 683
193 704
143 659
357 903
442 945
255 992
351 880
488 993
268 962
295 868
304 726
414 936
286 854
350 952
195 949
259 607
217 930
488 996
129 347
138 417
386 824
455 991
96 903
155 643
159 497
332 960
344 950
382 774
480 983
1 518
204 872
256 549
49 514
331 968
205 449
179 833
322 899
27 73
392 799
194 477
267 956
421 942
372 920
63 584
385 955
61 331
364 989
276 807
140 969
138 650
21 885
290 803
471 963
403 854
113 978
327 843
151 809
105 647
94 227
274 614
341 891
442 988
440 903
443 915
271 590
416 985
399 817
45 926
285 972
55 887
462 952
144 967
478 960
458 929
277 972
349 806
424 888
496 993
485 983
258 873
170 375
370 803
291 588
133 919
339 867
101 561
185 752
271 929
67 598
121 775
328 673
61 198
489 978
345 904
398 952
267 891
260 743
205 547
491 986
152 772
4 142
434 894
455 995
33 803
454 979
48 612
336 990
277 689
446 961
416 845
420 934
56 613
56 615
347 800
205 755
451 961
460 935
336 927
360 832
37 300
363 822
343 875
465 995
17 243
197 402
81 552
185 756
274 939
3 667
351 927
285 874
249 695
159 676
340 930
345 900
403 927
308 964
12 317
268 587
70 402
471 996
40 761
73 613
146 482
360 842
308 741
210 782
119 799
219 694
94 694
397 971
486 973
71 705
447 907
290 660
200 837
24 896
75 895
325 837
35 688
352 966
226 590
382 962
55 487
174 924
301 953
331 888
493 997
383 805
397 868
128 919
495 998
312 762
338 940
144 551
366 981
269 742
334 810
255 546
22 393
383 819
80 617
253 982
175 902
167 523
467 949
274 928
361 823
20 900
377 826
99 242
223 804
232 790
129 673
287 658
18 61
289 792
132 273
30 789
134 346
179 827
95 454
49 985
460 980
425 858
338 893
273 631
78 175
57 445
441 908
144 386
280 968
331 727
451 939
224 705
271 609
404 899
332 909
258 798
250 792
271 884
65 322
454 967
39 980
391 782
412 977
266 729
52 770
225 724
376 987
55 166
183 478
65 419
497 1000
173 919
290 808
65 974
86 693
194 992
103 792
275 811
73 188
16 151
24 753
160 896
25 708
62 520
301 990
473 962
450 977
174 653
230 805
62 357
182 840
228 918
247 581
409 925
295 860
329 970
146 596
237 759
110 686
202 436
382 858
189 809
90 193
320 880
475 987
144 356
231 995
449 963
384 881
469 970
35 840
200 619
288 911
347 802
324 658
348 883
491 987
179 440
491 995
269 785
212 686
225 687
196 425
154 596
163 685
139 807
335 729
145 975
10 69
109 710
144 460
328 939
86 937
355 763
193 730
294 593
466 1000
118 688
172 418
295 890
205 969
434 923
463 977
100 766
91 955
494 1000
159 887
489 998
154 807
282 848
275 874
258 522
186 927
456 947
247 970
335 786
11 990
209 943
345 992
448 982
236 585
104 847
191 628
90 546
419 988
311 853
329 859
224 514
70 758
304 665
186 690
107 883
163 411
113 652
29 368
234 880
315 691
381 957
21 692
448 933
296 742
50 241
91 674
26 575
104 661
90 526
262 956
379 995
349 994
169 865
377 997
56 836
483 1000
116 835
386 873
36 181
93 858
462 926
224 713
386 814
302 667
156 720
463 958
381 919
403 852
68 776
165 605
458 977
488 984
348 867
223 807
454 980
380 827
188 617
465 941
310 822
87 764
24 456
187 500
314 722
140 988
452 911
51 527
246 796
202 786
267 784
33 646
62 474
108 987
300 707
153 604
200 797
10 608
3 972
376 880
257 646
431 934
147 873
135 655
271 826
392 790
146 416
410 969
315 768
459 985
406 886
192 577
89 370
170 493
434 906
312 908
489 984
52 579
77 226
208 800
462 958
441 924
158 317
324 985
156 333
102 339
311 750
287 938
412 945
334 828
204 618
313 634
189 875
47 534
386 837
23 867
30 565
118 573
75 630
72 417
19 942
191 477
101 527
342 763
427 879
221 452
35 569
266 573
232 517
59 245
278 849
443 958
234 896
203 528
415 844
183 600
13 629
33 335
463 926
432 880
53 387
154 456
424 894
166 471
89 686
341 903
179 420
239 577
272 955
299 928
218 475
107 362
27 128
87 542
18 394
498 996
354 979
197 508
485 991
248 996
279 716
224 612
271 640
259 784
24 533
178 634
275 866
351 703
260 758
169 467
173 917
12 179
323 868
30 285
166 681
267 662
390 866
199 417
172 935
229 859
240 748
296 984
424 877
326 760
235 629
183 864
48 519
249 510
193 619
26 722
262 526
172 858
183 933
115 278
87 884
76 332
117 794
474 953
473 968
158 606
269 773
119 994
361 794
468 993
454 913
375 942
5 739
167 897
31 745
56 578
144 291
246 678
184 582
432 914
33 555
329 705
233 918
499 999
125 889
407 935
112 451
91 369
199 677
270 628
209 500
251 507
293 822
417 895
142 354
98 987
145 722
370 959
392 931
496 994
355 879
422 903
239 804
339 974
96 937
238 627
63 777
14 890
453 936
343 877
160 457
47 359
126 499
213 696
281 998
470 982
387 802
346 918
154 867
89 862
68 798
455 961
460 976
81 485
281 911
97 684
21 273
49 158
426 926
2 34
269 988
64 891
79 533
489 985
153 975
413 841
456 986
418 874
17 34
391 987
60 150
285 946
64 228
56 276
423 863
240 546
419 958
57 114
351 959
178 844
412 824
152 798
484 997
271 897
437 971
67 885
80 373
319 653
24 969
85 720
187 658
402 840
119 869
410 906
141 756
475 996
189 535
331 773
411 892
301 811
37 307
395 996
85 585
383 801
307 703
413 834
328 916
40 345
184 810
367 897
405 983
45 126
328 982
178 909
107 562
343 886
26 169
135 950
286 773
486 975
470 960
211 701
225 926
61 744
269 570
438 1000
130 298
213 613
206 529
343 780
168 478
140 732
48 878
495 997
312 963
39 925
261 884
