1000 90
620 933 94 354 793 571 815 660 973 825 7 422 880 473 10 147 300 988 146 349 495 642 561 850 812 43 252 30 142 565 983 862 402 761 552 17 731 838 790 75 834 112 643 993 719 451 238 109 528 164 611 219 468 142 823 600 163 619 199 997 104 161 431 711 763 427 426 189 885 865 995 415 694 41 84 975 562 133 33 49 231 918 897 553 941 694 602 252 815 377 186 507 23 803 771 867 210 392 536 955 93 763 660 10 147 397 319 960 178 771 505 458 500 750 613 521 943 640 343 757 901 786 671 494 320 557 841 361 896 380 211 569 826 466 27 896 669 197 162 608 666 811 180 920 520 196 239 819 452 28 683 771 218 645 221 158 667 882 118 491 23 194 982 924 768 34 982 22 668 397 236 266 750 134 444 931 137 368 907 995 198 230 376 666 519 371 395 523 700 213 974 765 133 834 818 829 585 109 525 760 631 657 62 576 172 351 674 642 573 224 598 139 468 350 65 739 581 377 550 684 954 205 534 236 124 414 188 861 302 377 403 991 155 976 448 626 492 915 774 494 972 982 297 362 133 44 223 629 2 644 675 9 691 995 334 155 20 44 855 691 827 903 754 215 204 611 172 813 615 550 591 140 475 563 456 655 261 234 372 704 965 579 437 485 569 942 298 785 913 863 794 555 452 761 746 441 787 96 72 977 365 566 696 703 478 780 463 857 756 579 395 800 384 464 845 181 185 739 9 463 516 693 230 358 666 390 679 573 717 99 169 292 673 880 599 420 851 365 966 679 364 751 582 831 417 373 577 515 396 50 805 624 566 458 395 712 556 156 689 890 168 530 390 76 251 544 214 173 547 37 928 925 82 173 411 536 231 25 955 505 701 257 105 211 723 29 471 417 613 356 652 502 833 154 117 273 919 643 733 868 622 936 254 623 249 425 579 598 260 962 247 926 283 794 114 559 184 316 227 275 153 360 90 367 818 280 110 541 344 566 437 90 391 85 96 862 895 288 961 390 307 689 732 528 931 425 747 665 991 462 814 999 968 526 145 969 89 586 183 468 215 747 83 257 313 672 563 159 987 752 384 682 641 583 374 989 278 2 625 536 635 645 817 915 691 125 790 219 208 521 755 89 115 882 757 702 894 171 157 230 172 451 119 53 576 730 205 749 563 914 272 696 128 49 814 858 938 801 670 830 434 167 950 213 977 467 285 449 982 26 824 708 412 552 660 909 949 399 271 704 130 587 533 43 114 555 652 4 890 142 985 48 668 669 293 719 201 254 812 12 373 133 416 127 909 118 887 24 690 871 108 781 102 885 791 477 258 56 996 454 938 958 830 420 120 779 784 138 522 219 478 660 761 103 888 908 4 384 601 510 179 318 554 497 291 311 732 476 208 428 215 375 940 591 398 747 715 14 441 30 543 260 722 528 0 72 176 81 432 131 900 456 736 819 194 147 22 906 50 2 689 6 235 50 983 676 558 74 25 325 382 314 252 339 845 108 393 774 884 312 11 863 643 202 329 278 89 391 400 214 417 764 55 180 74 11 978 734 319 20 236 838 173 625 137 627 979 744 546 545 212 500 58 732 139 945 528 657 717 340 536 306 890 518 232 269 661 372 980 473 23 195 790 128 624 556 533 398 383 55 858 426 844 474 883 619 493 843 480 446 720 863 33 566 605 90 205 57 203 316 835 128 524 221 683 688 342 499 679 954 180 758 201 161 76 502 270 767 65 883 369 992 773 577 77 943 524 774 715 151 760 182 746 463 517 266 791 957 601 390 195 641 906 939 821 770 306 70 67 381 207 592 45 4 65 581 581 936 856 459 653 695 527 867 768 7 479 508 622 408 745 255 994 489 165 65 848 790 908 332 809 656 344 664 52 933 972 416 394 298 908 649 453 967 418 690 315 734 599 98 727 902 585 319 278 438 119 689 487 678 818 157 225 661 721 898 679 569 385 951 742 9 689 122 579 752 813 68 999 126 761 791 79 811 517 692 282 349 444 252 504 438 420 740 732 843 79 189 739 65 703 104 159 157 454 519 669 497 826 733 740 494 274 140 701 888 569 856 532 298 893 411 602 754 639 890 48 633 741 903 568 848 373 120 899 930 15 242 933 912 517 718 68 397 363 155 515 370 542 142 292 558 247 535 143 163 950 115 551 897 786 854 201 691 682 493 868 567 2 345 45 785 200 273 252 595 207 184 89 217 546 329 198 128 527 852 53 250 149 544 927 316 422 142 506 681 633 399 581 956 556 129 721 4 22 665 258 105 273 932
823
1 237
185 543
40 628
201 674
352 980
186 683
152 314
120 400
485 984
206 690
393 958
49 633
488 987
386 909
58 714
312 635
80 879
469 999
257 524
41 742
192 457
259 777
317 999
456 957
130 890
434 993
418 887
403 846
149 772
388 820
49 162
206 933
81 479
380 923
313 916
322 680
438 927
145 452
275 731
449 939
184 610
222 590
1 999
80 839
265 639
465 979
305 767
221 922
30 965
280 771
339 991
102 280
22 667
165 333
308 734
4 846
319 908
209 903
334 837
184 381
232 581
258 941
429 902
171 632
232 599
98 660
362 829
76 371
130 280
364 904
214 614
27 802
88 366
102 665
225 822
74 327
257 901
156 772
444 964
151 461
200 608
473 952
456 944
465 944
14 66
268 645
302 610
289 580
108 620
44 839
456 992
484 993
109 885
46 557
223 925
331 955
48 246
104 869
131 651
220 771
297 643
92 654
401 891
45 816
146 924
115 554
467 958
197 950
264 722
233 963
390 854
301 717
355 934
167 498
73 616
386 894
194 575
17 286
205 934
143 449
96 268
222 861
310 789
442 992
398 808
204 807
203 966
191 939
223 559
340 853
20 81
342 932
477 994
269 736
434 874
277 594
491 999
379 980
453 966
460 952
252 523
490 995
64 443
448 961
111 851
94 358
76 648
100 254
345 746
185 874
256 542
251 809
76 835
50 973
32 825
276 748
85 446
64 198
497 994
386 984
80 560
7 456
304 800
486 986
447 999
396 890
258 739
5 115
204 839
483 966
120 866
217 602
128 969
192 930
291 888
203 603
356 997
52 646
327 817
286 761
1 262
467 957
437 908
27 589
241 707
263 557
217 800
323 949
262 614
93 954
437 945
40 271
66 666
20 867
432 939
86 800
263 630
218 511
159 943
308 808
297 813
404 860
101 634
247 912
444 993
7 731
159 701
190 939
486 974
433 947
335 935
117 399
251 953
76 721
401 873
224 510
49 906
265 997
107 946
420 854
215 462
77 600
385 988
44 437
332 722
135 995
256 832
426 938
361 761
152 776
302 906
131 285
126 564
64 900
487 974
63 482
245 985
275 627
487 983
226 458
7 308
443 954
192 889
404 999
57 404
427 888
23 308
278 689
99 893
91 419
57 912
401 964
406 841
2 242
441 946
260 999
321 928
354 815
205 568
301 697
77 762
209 537
3 601
304 994
58 265
455 934
120 344
466 987
495 994
143 787
143 394
245 973
263 909
43 135
357 791
332 982
459 970
140 965
324 956
446 992
67 442
311 624
172 420
24 782
312 705
232 855
426 953
30 61
357 966
419 889
69 906
162 810
499 1000
198 962
84 920
463 971
305 913
224 903
386 956
321 881
313 755
146 601
304 844
132 767
158 906
73 394
202 486
24 977
248 678
467 955
78 708
168 664
390 948
137 634
440 932
175 406
241 613
182 751
472 955
364 968
244 830
312 882
52 369
45 181
342 874
180 950
94 531
258 958
32 828
246 764
372 766
453 993
59 886
259 849
194 839
203 932
177 857
114 290
135 566
344 734
412 906
99 641
174 766
434 965
180 862
207 462
212 617
236 679
475 969
452 951
273 890
19 754
431 952
406 902
172 723
92 902
338 735
315 728
324 685
117 441
257 720
70 545
90 342
66 390
132 611
331 684
431 873
135 689
280 875
195 479
66 774
9 660
213 927
44 422
330 711
362 729
42 686
308 624
363 920
492 989
179 448
315 675
340 856
299 939
229 946
325 783
311 731
336 924
284 918
197 539
140 958
448 944
192 719
407 930
235 809
289 907
123 672
177 432
389 834
481 986
78 847
79 438
120 369
324 659
238 656
43 348
292 782
132 380
133 832
298 844
419 875
386 959
483 996
91 937
216 916
101 963
244 796
477 985
265 707
413 983
111 943
383 916
209 707
384 883
404 883
254 712
468 974
308 830
436 943
352 853
392 837
315 741
78 301
491 982
231 717
62 448
160 754
30 522
254 647
141 930
355 775
34 679
51 943
207 728
273 761
380 767
20 717
220 673
120 870
84 209
343 788
90 962
87 844
448 928
486 984
484 984
394 860
44 367
419 917
6 822
125 789
476 983
285 818
432 973
303 642
344 714
212 953
217 943
71 736
56 336
369 780
6 562
117 551
29 275
344 846
343 904
493 991
229 566
236 865
338 976
188 708
381 947
302 843
323 687
283 731
280 604
187 814
306 955
496 997
287 930
428 931
16 258
268 849
316 908
200 426
109 327
419 900
388 969
419 931
393 897
417 994
13 818
180 886
203 470
151 517
178 408
326 825
86 820
297 825
274 818
47 156
314 726
171 539
231 940
56 474
401 915
98 512
232 608
90 235
118 512
423 875
159 364
143 534
31 165
319 750
92 799
351 726
191 766
91 963
198 477
11 712
123 429
54 454
438 988
241 605
11 128
117 995
172 818
183 776
457 925
409 950
259 941
89 801
486 980
388 890
220 791
295 788
378 949
114 534
412 913
452 914
222 500
447 961
297 755
351 773
434 924
322 776
383 866
124 970
45 952
443 978
128 765
127 600
368 944
225 966
259 976
232 963
263 781
361 829
56 949
380 801
82 219
228 686
77 830
419 899
200 941
103 985
173 837
467 992
49 788
413 962
350 723
107 477
405 858
370 1000
492 995
149 676
266 882
256 595
152 403
54 354
386 1000
150 568
245 932
276 863
154 822
214 620
140 974
76 762
88 759
328 660
7 710
165 580
225 621
95 668
458 985
182 768
33 321
89 754
380 760
405 838
75 888
431 898
16 784
44 966
422 990
114 263
72 610
44 336
139 945
204 432
413 924
421 990
341 953
448 986
194 521
327 968
341 687
384 847
387 993
4 579
306 906
334 956
481 965
412 853
373 748
347 979
275 669
498 998
155 350
288 893
306 692
261 530
210 672
180 917
157 995
347 930
327 699
95 874
459 957
116 533
44 136
270 908
102 488
267 778
271 738
108 876
392 929
126 917
149 760
215 858
247 829
205 748
346 853
473 959
6 471
292 788
295 856
97 276
340 878
232 633
46 974
170 617
162 458
335 892
32 532
388 803
474 989
330 762
153 485
84 940
123 600
15 408
72 653
78 540
209 641
107 262
50 391
275 808
240 936
59 685
118 789
35 379
430 920
191 943
162 437
183 428
149 551
191 592
431 870
201 875
240 777
197 545
40 245
297 896
220 760
45 531
267 687
275 663
86 735
423 929
455 943
413 911
51 270
359 881
431 949
446 931
106 829
130 840
127 541
432 993
283 574
313 785
295 925
209 517
269 572
230 827
373 746
337 821
475 961
340 767
233 899
207 1000
309 652
56 997
137 367
139 283
254 610
288 900
186 893
48 403
283 693
359 818
289 594
327 982
142 759
441 898
227 533
429 982
131 996
442 953
219 532
249 670
68 783
162 575
354 941
125 265
98 787
459 948
171 796
227 659
237 534
80 539
392 810
283 656
339 828
480 962
214 911
5 717
30 141
188 662
60 852
76 778
379 985
388 936
286 699
89 300
117 596
17 709
72 437
453 968
92 616
17 792
286 649
181 543
415 999
324 798
453 978
264 754
440 919
16 244
79 421
122 527
325 808
105 211
36 244
419 862
97 702
368 991
210 901
400 877
288 771
257 854
393 828
122 528
192 517
345 915
267 827
86 597
393 915
16 671
65 399
41 515
226 585
115 484
332 970
339 931
278 624
182 535
272 941
224 649
442 940
148 746
