1000 55
962 559 626 393 131 852 186 340 836 768 798 791 666 252 817 423 847 401 278 585 987 274 888 993 74 872 248 99 460 585 746 11 792 905 743 655 363 103 940 495 62 73 172 474 539 496 282 762 707 979 302 304 339 402 779 258 868 223 51 585 483 719 271 823 21 561 402 684 594 169 314 927 971 992 998 104 575 196 981 468 235 872 820 123 649 979 361 69 600 852 313 387 175 851 773 176 810 575 167 838 742 880 729 45 313 992 383 689 831 376 44 661 625 326 802 610 348 417 209 943 427 767 266 516 273 164 110 558 767 592 528 353 420 505 248 294 643 935 493 973 933 1000 46 599 739 61 652 323 162 487 968 359 867 604 88 280 906 131 674 193 918 734 740 410 530 427 948 295 472 952 344 364 271 671 679 161 347 556 622 56 651 392 648 243 184 22 0 507 163 302 644 934 839 715 891 445 384 277 23 244 26 742 341 841 30 247 576 610 596 635 46 743 638 441 517 785 6 204 210 493 439 540 639 992 257 439 395 621 270 823 302 930 833 295 92 767 532 701 271 835 130 294 579 209 699 334 305 106 112 417 657 662 531 453 452 43 198 294 590 75 503 709 525 936 150 219 169 905 527 834 519 85 666 24 920 187 76 654 635 799 317 536 932 973 596 979 903 632 169 651 936 373 590 156 591 877 517 570 836 344 9 670 757 372 866 143 251 74 277 48 306 173 679 385 973 823 719 800 43 26 370 42 121 329 188 483 999 332 101 763 621 626 732 14 296 761 461 978 137 886 633 626 462 621 383 85 983 500 35 173 265 475 920 719 212 532 739 277 737 679 97 826 876 596 110 57 778 951 642 759 970 75 983 782 80 614 434 872 930 405 182 105 828 440 421 256 333 167 87 474 731 365 103 105 944 945 832 237 21 221 694 908 873 459 657 361 86 584 291 744 600 441 882 840 40 836 671 728 998 833 183 43 858 721 939 605 733 962 881 507 100 921 122 83 315 156 624 862 82 736 590 849 785 617 519 822 108 770 629 416 29 908 819 536 558 390 84 15 777 355 329 235 991 117 983 134 176 764 351 873 589 660 233 575 52 898 848 402 525 85 121 457 25 935 935 295 727 470 587 208 386 170 584 222 230 331 374 546 230 491 580 357 970 267 276 637 82 991 630 640 700 289 849 628 389 722 224 650 141 137 40 5 270 738 549 999 773 33 1 970 129 980 118 76 313 425 770 69 272 927 260 458 7 866 700 69 994 183 557 244 157 678 262 849 523 156 564 204 281 417 986 915 103 628 344 657 848 860 741 341 846 505 11 149 656 884 131 695 662 691 897 190 800 683 725 332 303 265 942 549 755 864 728 779 167 655 485 309 761 480 66 991 324 292 224 73 499 400 675 646 102 758 442 660 609 687 452 368 651 161 45 990 127 565 554 990 121 333 783 498 153 486 935 203 529 250 706 408 333 907 969 777 918 40 806 843 794 720 5 851 14 200 928 564 22 893 263 769 33 725 369 655 963 340 198 266 719 637 531 209 262 250 225 62 457 705 156 30 273 225 397 152 547 211 580 2 201 765 165 900 380 354 363 761 183 157 825 44 47 829 157 136 20 665 884 241 223 136 793 638 619 424 789 874 32 332 94 457 559 218 666 819 553 987 446 288 127 434 591 402 993 833 157 215 742 991 172 16 149 249 37 382 406 132 428 997 71 897 142 305 592 13 465 493 750 48 578 625 194 863 587 177 391 442 151 850 729 421 367 958 450 941 301 505 330 693 710 150 294 478 441 647 740 222 757 706 885 181 98 829 262 106 107 609 277 448 142 745 41 853 992 356 211 899 229 412 874 246 814 476 320 227 964 878 724 251 862 339 224 270 910 109 282 123 139 690 278 41 935 425 611 583 416 426 795 92 959 483 485 25 579 163 336 645 392 615 180 605 340 938 553 30 568 216 492 555 766 21 3 488 601 127 768 619 12 958 61 548 754 290 812 370 427 243 379 711 974 573 85 482 760 268 24 894 350 916 827 418 304 632 655 685 349 910 887 401 804 880 819 259 370 445 847 955 456 442 43 331 286 216 74 700 307 832 104 918 101 640 296 955 98 192 105 300 741 578 569 560 567 905 561 719 587 996 287 231 508 89 206 184 302 412 206 978 484 920 497 669 369 122 374 916 586 976 595 609 347 863 115 97 715 335 294 461 972 847 394 168 352 647 169 266 300 243 140 416 235 290 944 919 521 690 329 930 738 310 449 537 790 360 293 137 630 154 282 27 784 872 651 200
858
88 413
241 735
187 837
187 687
465 951
67 813
17 65
409 844
32 510
493 994
492 993
220 754
262 801
386 854
11 140
96 695
314 744
422 922
267 692
311 749
206 716
247 914
40 961
203 686
425 960
435 946
292 857
302 816
114 892
300 693
483 981
115 645
425 910
72 905
108 435
397 833
375 894
415 862
394 850
430 890
77 927
246 772
405 880
140 406
110 915
485 979
53 162
142 768
156 608
96 972
99 648
191 987
4 354
346 814
390 942
190 792
81 728
158 794
116 758
443 890
260 995
111 324
459 921
74 606
241 498
207 552
21 831
78 401
403 871
241 486
370 985
283 777
64 756
383 784
259 663
12 298
71 855
217 672
36 642
78 853
349 862
86 447
274 667
164 548
100 633
412 992
209 449
292 787
382 902
338 801
230 500
378 888
329 688
434 921
375 862
387 925
32 943
99 270
2 538
369 818
256 776
189 464
187 435
246 858
300 792
352 958
121 387
469 957
106 215
267 888
325 712
15 729
470 950
64 129
337 979
327 925
179 385
203 690
300 928
375 939
254 855
321 942
359 905
251 997
441 945
487 991
49 482
464 943
12 273
306 820
453 990
136 917
213 750
1 266
79 322
220 978
42 399
250 538
48 654
136 784
403 868
359 771
292 763
408 916
20 941
373 976
67 222
412 907
450 967
412 986
242 594
188 599
374 801
188 724
43 996
214 574
397 949
145 911
403 896
372 780
262 637
6 844
201 944
99 609
343 719
264 854
96 244
430 864
453 910
5 635
397 898
15 65
216 684
113 703
496 996
496 998
308 767
358 721
192 443
489 980
459 968
272 793
232 968
180 826
42 447
304 816
198 421
162 949
150 452
114 754
366 961
460 979
347 842
77 957
202 554
351 736
310 733
179 690
10 326
314 935
219 826
355 996
305 651
348 797
441 921
275 608
476 963
311 839
364 914
217 448
32 180
126 968
104 426
47 399
386 775
139 578
123 930
217 756
389 823
417 848
331 829
146 935
205 685
71 620
359 804
249 498
392 901
411 928
295 954
100 581
258 741
26 769
138 757
18 807
283 654
149 538
369 872
448 949
267 760
433 979
302 753
464 940
9 970
130 771
367 764
345 803
217 920
157 777
469 996
213 727
229 661
124 401
434 922
310 921
1 861
37 993
131 517
331 949
58 398
430 861
101 251
94 971
303 837
460 937
183 874
170 415
167 778
282 630
432 984
432 964
454 928
280 832
456 964
427 895
206 678
290 586
491 997
298 709
341 924
81 571
272 796
155 365
436 916
422 860
388 805
172 518
43 236
155 535
119 891
448 913
446 941
158 810
204 717
230 831
287 966
237 656
10 43
100 831
289 726
441 922
443 932
241 969
155 500
71 631
303 700
474 994
60 176
459 988
104 994
61 549
145 625
15 472
64 444
333 935
270 817
46 297
267 702
202 966
280 596
486 1000
429 980
111 876
184 749
193 569
139 924
289 674
338 737
211 909
120 504
404 941
286 575
281 689
5 288
315 935
340 973
109 247
413 958
500 1000
60 328
164 725
412 836
132 722
279 750
276 777
250 667
259 872
401 949
384 805
470 957
99 783
210 890
355 870
148 356
109 658
122 557
354 711
239 675
39 889
26 474
449 912
200 544
377 836
244 959
328 691
243 837
309 813
474 972
399 942
210 818
498 999
286 866
45 828
150 806
131 440
451 986
409 944
76 430
4 446
255 729
123 813
327 812
488 983
436 980
347 817
39 152
469 997
10 553
285 919
325 825
470 990
131 477
105 356
155 697
320 873
137 284
370 891
291 591
458 922
207 444
494 998
420 920
257 579
460 940
467 977
287 595
175 595
317 795
186 516
186 439
414 911
5 325
154 430
326 911
376 995
209 710
401 973
66 659
428 991
359 936
182 797
346 791
275 800
194 922
292 722
211 799
322 983
480 966
28 789
332 775
28 458
478 976
344 909
489 990
382 865
103 935
494 999
111 815
488 988
407 853
367 811
212 913
307 877
277 563
398 813
379 847
173 444
192 473
480 977
42 647
375 762
52 157
344 838
185 572
265 687
271 696
378 803
103 568
386 816
449 933
119 387
130 693
303 766
314 985
61 700
158 902
351 976
276 693
289 677
487 988
201 628
178 883
181 735
186 658
221 885
59 947
95 248
153 705
484 970
283 635
183 821
298 600
411 956
414 899
167 902
289 784
350 917
337 763
390 930
472 993
413 956
361 914
163 891
268 927
379 790
318 951
264 552
31 213
52 995
82 802
231 791
122 575
12 34
92 778
368 739
414 920
114 671
100 751
252 660
408 890
375 750
453 911
341 720
339 888
427 950
161 579
336 688
231 779
160 608
40 803
36 423
479 981
244 966
446 932
299 867
246 745
239 565
181 944
391 973
47 488
370 909
341 859
427 940
399 983
98 364
137 379
212 983
266 929
281 866
245 679
407 829
254 804
113 332
479 985
236 855
216 529
305 782
331 910
454 970
96 319
5 801
6 614
7 698
266 704
143 809
409 821
343 743
292 859
57 487
360 880
423 881
428 996
372 765
408 820
7 178
284 845
39 866
296 697
451 953
40 948
473 980
90 569
312 754
146 436
464 946
420 915
290 740
446 897
249 895
5 500
48 535
71 218
421 988
86 440
175 836
41 520
354 912
264 776
63 524
413 988
32 892
13 371
394 851
47 708
394 970
202 875
156 706
444 955
121 809
308 712
271 853
381 808
10 973
28 154
144 365
480 987
478 979
363 768
53 653
29 690
489 983
57 620
420 891
148 577
115 878
291 933
30 875
13 353
344 972
319 895
54 184
455 960
171 858
127 616
103 948
182 413
83 861
351 933
337 794
258 748
309 994
427 883
232 465
461 978
205 524
14 132
448 905
133 838
18 894
243 898
476 981
334 716
160 843
128 716
461 938
52 669
24 255
82 355
139 770
352 936
394 793
344 700
463 949
310 837
422 898
432 907
45 270
283 972
446 935
62 884
408 960
135 709
47 351
145 597
438 883
389 922
115 708
497 995
404 887
215 684
444 938
481 967
278 591
162 907
403 935
457 944
59 246
13 154
73 181
483 985
306 816
357 886
266 863
331 740
276 959
15 951
60 246
474 995
264 581
251 954
25 700
387 777
436 924
324 840
461 942
270 700
176 912
125 975
436 926
340 861
250 940
340 754
180 476
276 625
246 533
116 715
494 991
460 944
432 917
354 769
276 712
416 852
73 390
232 783
338 951
116 849
403 815
151 332
431 878
239 761
225 485
2 841
129 582
298 879
406 882
204 749
117 746
152 537
304 876
208 717
108 781
425 898
125 337
109 554
414 952
456 982
34 134
245 794
433 929
147 839
178 538
414 959
315 650
290 759
180 704
206 491
351 816
86 579
271 634
464 981
186 757
244 989
390 873
107 384
433 993
315 757
37 529
1 995
246 696
41 123
217 557
156 767
485 997
148 857
408 943
260 585
212 866
309 791
415 880
177 481
446 902
63 678
111 699
279 643
275 981
119 899
194 490
323 750
28 208
93 906
210 691
242 852
328 918
7 401
37 463
52 552
94 706
77 663
72 562
290 860
123 279
55 489
299 698
203 769
203 467
179 951
438 929
341 913
337 766
179 890
192 672
432 872
299 778
242 981
476 988
201 549
351 718
312 988
397 981
350 871
380 761
294 979
245 967
410 997
320 875
201 462
391 913
382 908
436 949
147 349
288 693
478 970
292 714
5 608
206 464
53 512
372 830
414 962
30 193
300 814
34 261
1 322
352 930
283 612
234 776
43 713
357 773
253 711
68 324
464 975
409 878
414 886
276 905
387 854
419 940
112 965
155 814
272 935
496 999
294 991
498 1000
9 258
490 992
206 984
426 943
386 962
59 920
230 620
315 762
