1000 165
133 757 636 896 680 435 754 431 293 947 139 234 722 702 764 743 728 22 820 685 254 1000 93 247 67 968 874 200 555 317 585 350 454 679 109 102 280 799 731 673 937 235 412 805 944 656 848 982 892 544 18 737 818 500 636 761 268 990 620 163 915 627 273 424 506 234 277 239 787 198 601 965 830 889 376 475 594 931 240 515 623 883 204 275 873 997 489 329 700 139 769 795 289 709 687 387 993 922 787 735 738 121 263 400 307 65 956 303 284 473 734 205 299 535 994 584 996 793 403 449 941 17 89 628 948 281 261 820 143 993 112 210 122 908 45 162 525 717 70 993 579 702 491 305 677 516 830 355 459 293 245 928 236 601 771 191 233 567 970 567 118 293 871 999 318 547 122 141 163 989 577 931 717 351 74 375 278 540 526 170 941 20 855 534 460 233 553 89 220 984 887 676 575 276 335 721 288 82 302 767 253 476 423 229 510 418 340 481 335 46 432 323 907 267 1 540 676 90 184 288 390 619 447 3 680 64 941 367 846 398 931 328 208 806 787 556 383 159 159 518 187 535 1 410 491 910 489 883 161 854 368 689 36 683 1 256 942 936 40 100 123 420 969 104 225 414 391 95 843 970 891 25 756 769 845 6 944 734 700 248 49 72 986 305 960 757 777 69 544 118 398 320 975 222 842 921 410 658 257 28 655 430 344 511 478 548 834 497 738 21 313 126 685 980 562 752 211 40 391 11 127 736 848 220 552 749 255 48 883 22 868 16 535 398 130 586 226 178 816 872 958 47 739 155 68 877 747 234 856 498 258 946 925 64 389 373 316 489 693 398 787 494 52 9 457 811 708 82 532 444 419 889 657 269 583 262 621 272 602 910 903 397 863 550 992 791 928 86 489 442 398 832 857 537 573 846 74 971 771 560 931 919 883 349 991 65 784 464 209 644 159 877 428 547 254 323 384 591 782 807 707 912 103 529 578 624 194 658 237 74 723 893 522 153 237 497 478 823 465 684 999 294 767 514 35 316 943 561 989 31 868 600 687 228 295 40 879 556 606 215 794 968 312 699 132 1 73 38 328 147 282 706 599 145 294 910 462 595 178 119 550 590 931 91 536 305 980 205 881 939 303 769 67 711 393 601 690 611 976 464 50 600 226 688 534 53 707 221 101 283 950 94 956 24 528 31 962 578 686 293 879 747 389 445 694 787 926 780 797 15 918 651 54 740 419 61 648 823 55 462 836 185 904 87 643 857 634 980 390 659 434 902 213 901 954 347 145 639 344 622 981 885 835 254 950 731 180 446 506 116 803 133 349 798 786 599 783 559 143 820 672 499 874 183 663 380 393 587 8 635 912 644 206 891 952 819 493 301 133 118 852 23 263 233 527 649 969 914 829 930 833 166 911 450 509 842 649 562 825 323 49 214 715 672 189 320 434 825 133 515 384 572 100 399 43 721 508 724 471 718 430 246 942 565 491 631 814 590 208 955 644 368 274 179 910 56 1000 677 318 932 912 187 287 811 239 811 707 531 927 710 932 307 837 311 546 534 343 358 31 991 202 794 530 780 460 312 822 191 670 868 937 733 751 812 864 325 354 170 411 623 165 742 159 961 483 191 371 967 883 640 359 985 180 29 625 961 352 341 481 243 900 2 680 499 870 663 734 792 232 433 913 576 982 631 670 621 518 206 168 375 577 388 534 594 69 96 161 398 756 966 544 215 257 206 720 396 9 908 769 490 97 436 717 876 751 714 331 327 865 529 19 420 967 294 647 808 181 285 738 313 771 264 560 872 615 453 806 340 297 383 969 12 752 96 494 153 669 846 924 757 571 763 709 652 532 369 625 787 271 419 71 13 304 666 75 584 700 124 625 969 378 121 636 631 175 666 974 12 918 438 594 112 882 370 150 366 365 837 964 655 317 587 98 416 500 583 756 529 278 31 357 716 52 786 731 114 593 258 574 999 980 868 387 290 150 305 34 805 581 766 998 412 950 37 545 69 764 48 338 418 653 306 258 908 786 120 811 282 170 563 914 757 618 12 432 531 635 480 763 385 487 592 477 196 786 207 106 96 537 783 507 99 761 651 423 6 793 381 373 415 289 354 48 795 610 52 543 794 788 441 641 973 620 824 143 506 354 131 93 739 173 120 82 248 203 997 235 315 375 953 284 78 82 781 632 949 188 298 136 737 980 759 784 698 342 685 344 75 43 607 876 628 53 145 432 635 231 783 67 3 885 199 307 373 121 965 172 24 256 877 94 92 86 640 271 40 482 7 488 435
968
36 953
251 548
206 786
305 666
434 898
468 986
317 718
413 914
135 371
447 915
24 706
51 821
232 768
255 649
165 351
387 960
427 983
98 208
83 594
420 964
139 968
255 806
475 959
274 937
82 288
206 657
299 728
365 823
433 968
258 520
272 872
116 346
478 956
311 754
296 723
126 812
293 661
1 269
274 736
346 714
440 933
354 919
19 297
464 982
73 178
106 715
478 999
299 620
148 796
400 972
317 940
168 783
291 866
307 781
121 889
474 967
205 874
24 187
89 747
258 729
361 821
440 935
259 667
9 492
191 492
263 645
473 977
124 599
246 713
395 990
211 955
308 784
203 720
157 362
477 970
33 352
132 501
170 867
347 771
151 691
395 860
297 883
74 919
68 187
42 346
120 614
428 920
55 935
468 977
423 982
118 608
490 989
349 996
434 957
10 945
213 845
224 652
184 760
223 828
399 1000
30 860
119 992
15 228
249 971
23 836
156 628
124 477
230 670
236 942
14 974
440 911
485 978
460 955
293 589
469 953
375 975
153 900
441 886
48 333
246 908
473 979
394 870
188 688
242 888
464 941
229 650
454 947
353 867
310 638
49 235
314 727
306 970
444 909
160 429
152 352
259 575
374 973
284 792
387 806
317 823
315 764
102 453
436 946
177 695
320 920
271 568
233 765
282 634
110 347
55 611
255 994
488 981
390 955
111 706
209 931
316 776
430 940
265 568
68 384
305 911
316 691
80 449
140 449
161 394
261 680
131 268
192 794
93 695
280 948
328 711
262 980
432 937
93 977
100 812
447 917
24 67
430 900
170 873
170 853
432 895
354 709
174 427
391 984
175 952
29 68
78 404
373 896
163 393
379 862
164 861
417 966
405 972
202 869
189 420
436 877
387 948
208 981
249 773
173 590
53 876
21 208
422 866
130 945
406 859
246 510
129 930
448 999
343 729
67 511
180 885
495 996
409 957
75 846
425 973
417 924
26 649
230 562
359 944
351 984
326 773
310 917
481 969
248 626
139 967
13 225
64 608
381 907
17 404
65 137
446 917
182 679
341 810
14 248
429 871
293 973
437 955
208 941
79 661
139 946
69 467
311 804
471 944
336 945
443 929
404 905
287 675
54 625
418 923
397 993
395 855
287 787
326 844
377 819
70 682
77 605
433 923
465 988
6 922
399 898
346 833
290 779
257 977
114 942
440 929
10 545
117 738
145 979
171 442
369 955
386 879
164 539
349 763
302 963
413 986
303 995
104 664
364 746
157 892
28 310
283 955
430 885
153 708
348 864
320 703
469 995
455 935
406 979
449 923
191 495
214 816
106 745
25 181
56 755
284 735
141 568
185 663
345 792
256 723
424 963
225 609
321 861
116 696
331 810
477 960
179 568
288 722
172 435
468 990
431 1000
352 814
216 952
485 986
174 960
12 353
173 865
357 764
27 379
380 889
423 960
174 554
327 919
391 933
462 955
120 643
179 973
415 959
198 754
461 955
67 548
124 912
477 962
498 997
176 971
163 842
387 893
298 882
272 934
211 696
326 1000
14 478
336 845
56 494
26 246
382 830
259 678
162 719
247 747
226 707
145 563
493 989
480 988
459 967
248 820
259 675
89 580
239 599
233 647
287 803
50 728
69 926
9 392
425 904
339 973
156 534
184 654
172 659
380 839
59 533
348 717
458 979
381 999
315 934
259 795
465 994
144 407
287 623
446 947
202 984
151 412
88 610
3 371
410 936
180 463
406 834
443 985
88 582
184 540
12 199
397 822
96 543
367 792
35 837
478 973
112 354
413 842
106 321
380 837
217 1000
214 974
62 450
406 879
284 887
301 827
268 618
285 764
368 787
171 903
410 927
296 767
28 484
111 910
224 807
248 711
384 888
323 802
129 654
219 866
92 907
48 838
157 587
86 639
438 909
50 377
143 678
440 950
223 698
443 949
126 394
212 975
10 139
312 909
42 941
202 977
1 359
133 536
26 670
293 591
381 778
294 695
117 447
205 933
433 971
330 681
426 884
218 829
203 868
6 417
383 947
169 707
153 418
45 109
39 908
309 750
262 675
199 824
160 779
472 964
13 107
194 875
73 522
387 888
300 840
163 507
74 352
225 667
36 564
42 893
114 432
347 976
135 974
491 989
253 826
468 956
496 1000
343 698
111 572
172 393
258 974
236 772
293 904
360 930
164 600
187 398
436 981
395 857
453 931
139 850
408 985
238 765
475 990
286 898
164 866
23 645
283 836
90 559
119 837
343 903
51 236
63 202
451 917
6 819
47 297
89 808
168 337
439 891
219 692
11 51
16 160
452 986
130 832
156 981
431 999
64 227
281 570
476 986
409 848
360 835
414 908
433 896
309 644
350 901
357 780
456 989
488 997
235 814
31 923
340 837
253 766
272 824
329 828
394 958
361 766
181 939
415 866
396 912
398 865
124 412
256 884
249 718
366 851
336 919
99 417
386 912
245 803
90 960
111 859
342 938
15 551
289 670
60 998
349 708
275 767
305 969
121 290
108 980
277 881
7 440
189 772
388 864
285 967
143 778
94 250
230 557
167 597
75 461
272 821
489 991
330 725
144 434
365 996
201 650
387 899
136 632
44 726
477 968
125 787
16 236
145 654
414 903
195 554
286 688
249 646
313 723
440 992
302 913
374 799
74 524
406 913
440 910
26 835
362 948
207 965
196 908
149 912
22 881
308 946
320 716
53 508
185 574
470 984
83 403
472 944
244 581
184 646
351 843
246 738
32 864
229 705
331 988
77 539
81 563
182 993
73 214
128 650
26 307
490 991
187 511
398 818
444 921
74 305
84 616
202 952
154 781
447 903
27 154
145 527
30 330
484 995
250 665
27 200
198 685
445 978
463 988
109 525
170 608
170 565
149 671
146 720
222 554
111 809
481 975
22 457
397 876
66 374
156 963
7 821
172 562
371 999
243 679
77 482
312 913
233 802
168 952
111 972
439 991
438 948
99 301
386 822
349 894
173 694
479 987
382 839
433 880
364 782
401 841
294 600
485 998
183 698
392 951
96 288
485 999
494 993
414 975
270 985
27 981
216 864
473 954
308 856
472 950
100 792
214 915
335 740
336 844
486 979
489 992
158 956
416 897
349 744
11 98
93 657
431 935
11 569
371 827
6 354
395 794
371 756
38 205
481 990
177 393
469 956
353 832
264 739
298 647
16 744
128 960
348 893
435 916
126 514
234 770
344 920
180 823
333 699
194 727
239 638
306 966
56 358
46 421
428 888
431 960
325 796
235 752
76 187
293 800
84 299
409 912
387 966
298 905
146 413
90 613
71 387
29 523
87 313
166 552
351 862
128 741
121 533
455 976
486 998
327 750
306 941
416 903
374 977
57 183
103 711
196 684
255 545
487 985
177 355
425 928
397 953
312 965
259 527
74 554
25 60
427 906
39 723
65 476
162 649
115 924
388 946
195 890
86 345
276 723
286 616
236 857
178 492
66 288
104 313
139 979
199 896
465 937
65 522
245 574
475 967
282 793
117 294
425 909
370 999
342 734
368 951
405 846
114 987
32 804
92 617
27 452
363 997
260 523
77 697
409 904
454 976
452 979
245 631
363 902
234 666
315 805
383 824
264 918
186 725
5 673
375 955
346 862
347 919
471 973
391 898
264 592
452 904
160 532
434 998
459 959
156 880
163 582
494 995
317 787
369 942
208 794
432 983
260 973
171 879
448 931
372 870
307 740
337 709
426 939
373 833
180 535
334 745
147 420
261 641
12 82
10 379
316 916
435 903
206 441
325 925
89 452
452 923
90 954
380 999
436 999
384 802
12 215
426 945
46 523
265 990
120 457
409 879
42 264
436 950
454 985
57 579
95 501
149 403
457 970
14 919
131 715
225 499
319 831
331 718
190 676
339 852
495 999
175 383
118 498
94 830
301 638
269 602
28 558
258 940
262 967
117 849
363 944
350 855
60 274
335 875
53 894
370 938
345 939
372 759
364 962
148 970
190 510
343 807
198 663
210 721
234 747
416 858
243 509
193 663
381 882
445 950
56 602
95 881
112 750
447 927
43 767
91 685
307 935
447 991
267 804
384 986
330 945
424 1000
353 812
287 734
195 712
450 942
309 825
382 787
274 647
375 790
433 903
212 854
331 981
96 741
34 699
135 698
411 893
95 411
312 838
372 819
348 796
381 893
475 1000
454 993
392 976
353 821
225 721
311 755
473 956
49 286
86 560
378 828
39 222
432 961
416 940
396 966
168 785
14 137
67 603
96 755
8 214
67 339
398 894
322 724
340 840
451 998
415 931
41 820
138 577
457 997
462 947
396 967
86 226
391 989
266 849
119 484
88 484
290 980
232 789
197 409
144 496
276 853
482 995
34 320
112 286
257 802
292 713
313 779
