1000 63
544 368 320 291 234 312 410 935 942 43 35 859 145 104 459 172 815 257 253 821 152 106 125 190 488 627 959 458 491 289 905 69 667 971 378 359 683 968 703 559 714 447 544 435 124 155 429 298 749 983 66 752 628 731 580 109 223 69 989 774 425 439 450 826 908 624 502 585 124 213 902 922 379 470 275 670 830 714 808 969 980 875 992 459 331 358 697 616 541 549 586 27 281 131 151 681 795 884 355 382 18 554 353 242 913 3 363 245 671 912 372 403 258 130 121 69 801 618 906 780 996 319 132 177 82 503 353 942 553 879 916 699 665 155 569 355 731 879 7 785 240 523 252 345 903 297 63 617 754 629 412 159 999 998 344 271 640 454 263 421 169 614 573 494 983 4 235 745 138 128 390 724 819 320 876 856 700 867 84 599 458 341 631 239 957 248 55 863 274 325 448 652 984 925 942 59 791 889 636 34 400 465 357 507 798 532 194 256 59 427 154 511 773 38 877 913 874 655 530 252 600 118 603 561 363 329 591 259 27 889 762 468 195 508 835 396 682 198 571 542 21 674 377 883 399 258 56 24 967 789 630 305 66 300 70 804 66 914 244 465 816 207 535 299 534 38 189 851 999 189 909 191 735 490 455 623 633 378 635 426 735 196 178 65 405 929 535 68 946 68 504 429 253 751 320 265 340 277 340 76 239 105 696 931 57 968 725 418 861 132 444 862 20 298 977 206 514 445 830 979 979 888 629 962 695 744 123 183 702 202 462 868 132 329 394 849 555 772 272 682 575 883 463 20 766 229 155 972 510 101 59 670 355 76 254 566 515 459 431 630 202 128 1000 349 835 279 233 848 243 717 998 730 620 254 187 373 560 309 157 704 583 86 503 92 15 314 341 145 285 578 170 951 914 561 519 676 28 195 920 554 156 953 455 977 996 754 683 336 697 1000 458 335 37 134 814 527 145 294 892 810 432 736 728 597 359 211 152 383 100 586 256 232 582 991 276 778 225 769 319 101 754 901 538 665 91 628 265 271 68 973 258 104 270 475 143 662 968 978 759 127 465 862 279 524 114 209 888 90 579 357 887 68 376 141 765 167 284 129 653 536 9 601 605 438 450 560 704 245 108 627 328 130 582 972 251 66 635 590 808 870 467 899 457 668 20 984 506 565 439 479 123 227 985 807 837 400 339 742 522 868 936 844 989 435 407 546 957 845 27 504 9 101 148 259 212 152 94 920 739 549 581 583 79 490 546 298 845 408 905 882 95 344 987 43 763 23 695 920 452 747 316 949 700 175 63 736 616 886 80 23 334 416 197 206 209 451 996 317 103 729 512 601 41 818 536 215 814 568 873 460 1 192 33 596 706 549 357 516 299 781 437 371 809 665 565 190 54 630 811 468 56 605 822 66 223 399 763 895 670 889 896 376 691 844 588 409 542 350 238 964 642 995 285 512 553 852 897 853 71 681 697 670 897 322 421 48 146 496 23 784 747 441 190 968 705 935 9 949 60 439 339 176 246 221 421 775 78 10 674 216 209 878 959 249 82 1 523 959 736 813 651 922 106 143 872 487 590 944 716 196 138 419 851 231 486 619 619 430 71 844 462 900 934 330 922 796 339 435 321 341 561 496 604 720 991 255 425 229 421 404 212 256 366 212 660 183 545 517 696 77 53 379 632 951 566 881 209 7 663 186 7 702 749 784 398 510 989 622 233 753 530 311 71 864 362 500 230 135 849 447 757 169 35 119 482 739 474 241 347 916 92 1 907 331 796 185 416 759 459 199 871 374 223 664 728 327 104 255 112 858 486 893 763 84 207 56 691 470 589 234 497 88 966 425 240 152 674 635 330 949 228 748 949 398 352 142 332 704 599 788 405 693 31 493 596 683 609 654 310 464 127 518 617 535 258 804 181 619 139 877 626 205 278 656 824 944 246 285 679 298 996 697 241 326 78 718 583 866 1000 796 669 805 926 763 860 709 361 669 72 547 181 895 123 910 791 55 471 189 518 445 83 129 856 967 141 771 65 797 790 84 373 532 884 539 856 85 884 572 803 448 911 9 337 65 40 674 334 717 2 151 781 1000 61 829 542 366 347 720 717 684 805 673 119 678 780 90 672 376 663 414 786 178 860 280 843 115 230 537 240 186 797 631 258 278 168 798 966 567 763 832 147 7 330 961 927 289 998 729 8 286 99 18 921 83 643 721 802 920 471 425 945 119 277 743 894 808 453 195 715 905 863 289 265 870 570 502 499 558 453 762 862 950 972 760 740 561 336 300 290 868
980
387 972
104 875
220 584
110 672
129 591
106 644
115 781
450 952
44 975
111 700
89 516
43 877
227 861
349 774
208 636
141 836
492 990
179 535
443 922
318 950
315 631
71 988
301 732
147 422
113 639
471 979
328 714
399 863
92 503
54 865
332 936
397 956
42 970
248 830
315 674
68 951
427 984
301 676
123 481
333 697
273 777
180 560
323 837
15 643
78 434
198 600
229 832
370 896
133 526
287 701
106 223
434 989
98 391
314 781
3 848
417 879
357 724
414 953
468 979
227 862
5 159
320 835
51 241
397 858
376 939
91 583
454 977
307 783
329 900
282 970
403 831
27 123
76 719
406 855
167 564
459 935
325 654
340 968
277 743
198 603
150 360
355 744
39 501
12 765
274 671
96 639
238 984
363 921
325 793
98 617
225 794
309 673
194 808
359 955
244 599
309 913
108 342
266 910
399 999
145 831
21 796
39 312
197 618
335 922
38 928
170 842
264 638
451 926
295 594
369 965
9 340
264 895
404 855
318 796
401 998
411 970
331 857
210 523
155 400
277 978
447 959
210 723
110 838
83 388
332 882
239 897
1 418
371 820
3 412
409 981
156 806
377 794
351 755
13 830
77 369
214 529
157 626
91 461
235 798
299 915
340 924
360 827
317 777
57 805
54 281
36 274
14 221
288 620
364 876
182 597
40 578
229 702
475 962
406 847
399 954
227 755
379 996
465 960
80 868
386 773
229 541
297 908
148 799
246 973
180 562
425 988
15 480
60 961
333 825
62 466
408 949
267 601
101 315
433 933
315 976
118 591
70 995
154 846
91 396
391 861
73 924
143 461
363 744
388 813
347 891
386 811
280 652
181 430
48 348
361 787
151 733
202 727
20 720
288 750
60 645
126 491
40 825
184 848
226 990
417 914
376 920
415 960
32 936
66 620
449 957
109 384
420 880
474 1000
69 400
2 518
289 976
325 789
230 788
26 773
452 909
378 974
456 994
89 272
56 955
43 401
354 975
156 663
337 832
299 629
116 629
97 403
50 552
208 506
184 845
246 824
329 864
452 913
374 763
4 884
227 880
387 881
119 668
458 952
433 897
2 222
302 991
101 385
20 394
477 987
382 802
148 975
148 967
305 630
276 640
253 669
229 606
27 473
47 766
183 736
158 373
328 665
283 872
215 586
51 953
411 974
239 981
417 982
320 883
190 438
79 188
449 996
376 772
263 928
150 730
344 691
243 591
430 939
447 953
165 450
136 1000
326 666
212 952
25 511
3 314
59 164
294 903
383 808
81 800
288 618
171 717
388 822
158 612
490 982
137 277
280 642
335 987
409 853
253 909
278 635
145 819
135 319
164 809
75 741
233 494
312 764
353 730
204 605
394 894
250 527
10 458
177 854
318 912
289 822
187 631
321 930
152 666
338 829
186 907
182 764
149 734
83 476
476 965
426 887
47 393
402 825
256 667
124 806
13 904
239 515
55 543
110 683
470 978
408 971
122 520
34 508
118 798
5 145
384 851
191 392
333 755
99 627
198 478
486 972
93 825
16 982
402 925
343 782
185 803
432 935
135 785
271 777
420 1000
114 316
410 849
343 832
297 930
48 834
265 582
262 869
160 686
182 723
130 308
254 585
489 994
412 976
479 968
274 806
271 932
187 480
115 641
42 268
51 910
338 982
175 500
412 925
473 958
42 997
314 705
388 947
33 512
439 949
61 223
200 737
159 683
494 988
125 882
467 953
424 873
409 825
175 730
211 567
489 999
247 658
444 927
205 774
137 395
428 958
478 981
286 943
141 585
10 410
374 915
426 919
475 982
303 989
253 706
249 588
151 663
363 896
41 113
429 930
472 957
393 992
180 580
24 326
169 513
293 721
371 792
347 832
10 695
22 779
454 919
280 978
277 692
204 578
309 771
190 962
434 962
347 907
273 660
355 791
122 794
81 214
334 891
279 645
334 783
75 301
414 1000
324 688
374 908
438 955
35 863
81 431
259 611
174 620
180 998
121 952
233 962
327 989
459 981
230 938
339 782
44 724
246 592
147 915
83 467
425 865
404 921
58 434
155 471
282 843
455 965
435 900
2 133
381 775
98 475
497 998
99 509
20 467
152 386
172 888
148 689
473 946
17 53
230 608
86 325
480 991
394 973
381 812
408 834
249 891
194 886
337 894
261 574
344 787
467 966
305 844
6 286
483 979
141 433
321 712
106 279
343 724
190 809
364 929
50 766
325 848
378 872
453 949
450 955
28 461
363 833
63 249
197 529
249 680
409 999
173 991
390 1000
338 922
193 943
384 787
29 438
87 705
95 220
415 969
178 892
449 962
289 948
360 941
489 979
138 522
306 661
125 492
443 904
52 326
3 997
375 957
165 918
445 958
357 842
365 735
352 954
30 953
301 636
443 928
317 802
238 587
457 954
444 947
353 959
202 848
4 639
44 360
430 902
351 702
264 662
1 776
77 596
238 690
250 812
494 996
163 875
454 982
164 458
492 986
103 933
216 972
17 763
11 209
415 874
189 485
351 981
222 764
220 956
124 549
274 603
20 190
436 962
32 716
206 792
301 808
160 862
58 471
278 812
475 958
326 826
144 700
175 992
448 937
134 993
274 825
219 786
210 562
341 763
228 727
351 714
235 791
432 865
198 969
471 969
152 918
107 912
369 849
234 497
440 989
71 556
338 832
418 939
345 971
86 488
269 752
45 419
69 970
447 932
168 668
100 682
154 813
37 481
311 916
9 731
259 743
24 283
281 813
456 924
376 907
268 758
153 624
13 773
224 927
111 443
197 636
6 309
171 830
192 474
396 975
189 588
200 602
65 180
450 944
144 391
463 982
62 416
247 809
17 825
134 922
79 904
5 213
185 560
58 488
319 974
147 299
61 713
412 868
210 705
479 991
66 868
98 420
407 889
343 849
292 626
419 965
155 608
287 959
358 883
475 971
205 654
449 902
224 841
351 815
481 993
60 965
242 977
163 751
178 837
310 829
277 568
48 925
403 886
442 957
100 270
8 432
304 663
305 664
372 806
122 747
405 969
60 748
35 448
388 838
135 799
365 763
388 842
360 993
50 372
300 658
424 926
193 662
131 505
387 776
138 607
387 810
127 506
398 867
148 484
406 840
392 917
324 846
219 468
250 966
17 364
32 182
491 1000
242 958
89 844
41 808
79 749
39 589
398 977
224 693
209 949
127 528
472 984
437 961
187 552
420 962
408 863
129 504
8 849
160 383
366 832
3 517
208 887
429 859
330 937
342 946
226 694
106 900
229 715
58 258
303 797
420 897
269 592
122 584
233 548
325 823
296 813
366 814
382 1000
236 667
47 497
276 682
34 716
385 994
425 911
422 942
328 804
275 563
487 982
374 818
444 902
367 926
80 428
150 395
413 975
482 975
117 535
211 758
75 881
59 999
384 931
27 939
334 700
28 548
279 651
146 874
338 864
394 928
27 137
125 367
250 742
216 838
138 327
235 804
157 789
256 584
347 885
255 945
307 799
229 869
349 951
459 950
493 995
2 821
256 962
113 934
356 985
145 977
210 703
389 869
39 289
39 310
322 855
129 637
123 308
40 350
130 757
101 244
184 608
142 665
477 979
65 355
128 933
396 963
339 831
115 346
93 659
243 799
114 238
282 869
48 796
338 835
462 932
331 768
56 266
159 935
294 988
64 253
260 779
145 637
391 796
373 776
244 652
156 998
317 781
434 891
230 613
45 522
422 896
144 390
418 978
56 495
444 969
61 447
438 976
295 934
321 880
24 709
365 993
243 951
192 749
400 839
26 161
80 176
377 911
55 113
315 896
457 988
259 529
418 877
437 935
302 697
238 791
39 546
371 769
478 961
21 140
458 918
372 988
408 952
434 895
28 604
426 940
369 743
269 944
58 515
224 535
164 748
317 944
129 366
425 915
491 985
315 774
228 660
41 591
296 932
227 753
428 964
313 649
394 939
173 726
84 471
386 872
123 798
74 861
242 655
462 933
55 571
343 694
157 839
284 660
466 978
149 612
98 204
418 920
154 538
57 393
62 864
247 874
158 586
27 903
414 833
75 830
462 983
229 545
355 833
350 808
367 948
112 445
151 580
116 791
89 813
106 704
50 562
45 131
394 917
271 718
379 867
24 563
448 896
191 526
30 281
392 845
222 747
410 855
394 895
402 874
343 816
433 905
260 608
135 584
431 882
218 641
279 822
192 735
328 925
62 275
24 308
19 671
164 401
389 923
343 787
278 956
148 725
80 232
367 924
79 179
115 410
33 123
435 961
163 758
470 987
337 865
23 983
78 899
75 687
13 950
456 965
58 456
152 411
201 819
51 393
460 999
258 812
369 861
250 750
46 187
208 708
343 765
99 719
364 966
71 999
93 781
49 914
472 947
70 504
372 881
7 358
123 802
326 810
185 498
146 992
435 962
77 454
195 735
27 660
