1000 371
0 26 50 78 100 125 156 182 216 243 300 297 336 377 420 435 464 459 468 475 560 588 550 621 648 675 650 810 728 841 840 930 960 891 850 1050 972 999 1102 1092 1200 1107 1260 1290 1188 1170 1380 1269 1344 1274 1300 1428 1456 1590 1620 1485 1512 1425 1566 1711 1560 1586 1736 1827 1600 1690 1650 1742 2040 1794 1890 1846 2016 1898 2220 2100 1900 2079 2184 1975 2240 2268 2132 2407 2268 2465 2322 2349 2200 2492 2610 2548 2576 2604 2538 2470 2880 2619 2744 2772 3000 2828 2856 3090 2704 3045 3074 2996 2916 2943 2860 3330 3024 2938 2850 2990 3132 3510 3304 3213 3120 3025 3416 3690 3472 3625 3528 3556 3456 3225 3250 3930 3828 3458 3350 3780 4080 3973 3726 3475 4060 4230 3834 4290 4176 4060 3796 3675 4292 4023 4350 3775 4560 4590 3850 4030 4056 4396 4740 4770 4800 4186 4374 4890 4264 4455 4648 4175 4704 4901 4420 4275 5160 4671 5220 4725 5104 4602 4450 4475 5040 5430 5096 4758 4784 5365 4650 4862 4888 4725 5700 4775 4800 5018 5432 5265 5488 5910 4950 5174 5000 5829 6060 5278 5508 5330 6180 5382 5408 5852 5880 6330 5512 5538 6206 5805 5616 5425 6104 5913 6600 5525 5772 6690 6048 6300 5876 6810 6612 5725 6210 6930 6264 6058 6786 6580 6608 7110 6188 6214 6000 6748 6292 6561 6344 7350 6396 6916 6448 6723 7500 6777 7308 6578 7620 7395 7168 7710 7224 6475 6500 7569 6812 7101 6864 6890 6650 6942 7236 7801 7020 7859 6800 7371 8220 6875 7728 8033 8340 7812 7560 7587 7614 7924 7384 7695 7436 7175 7200 7514 7540 7857 7592 7618 7938 7375 8880 8019 8046 8073 9000 7826 9060 9090 9120 7625 7956 8903 8316 8034 8990 7775 8736 8451 9106 9135 9480 9510 8586 8613 9280 8346 9016 8721 9720 8775 9780 9483 8856 9212 8250 9268 8964 8325 9686 8710 9744 9773 9802 8475 9860 9548 9918 9604 9288 8970 8650 8675 9744 10121 9100 8775 8800 9178 10620 10650 10324 8925 10740 9334 10440 10830 9412 9075 10556 10585 9150 10643 10304 9225 9990 9646 11160 9325 10472 11250 10528 11310 11340 10991 10260 10287 10314 10341 9600 10780 10036 10449 10476 11281 10920 11730 10976 10218 11032 11060 11484 11116 9950 10773 10800 12030 12060 11284 12120 10125 10150 10582 10608 11452 10250 10275 12360 12390 12420 10790 10816 11259 11286 11732 12180 12630 12660 10998 12296 11475 11076 11529 10700 12870 12470 12499 11664 11691 13020 12180 10900 10925 12702 10975 12320 11466 11492 12404 12876 12460 11596 11175 11200 11225 13500 13079 12656 12684 13166 12285 12312 11425 13740 11934 13340 11986 12474 13427 12064 12090 12116 12142 14040 13601 11750 11775 13216 13717 11850 12350 13328 12402 13384 11975 13920 12025 12050 14490 14036 12610 12150 13636 13664 13692 13720 13257 13776 13311 12350 12375 14880 13419 12948 12974 13000 12525 12550 15090 15120 15150 13662 15210 14224 14761 13260 12775 14848 15390 14906 13390 14964 14476 13986 15570 14560 13546 15660 15167 13100 13650 15254 14756 15312 14812 15900 13275 14364 14924 14418 13375 15544 15036 15602 14553 14040 16230 16260 13575 15232 13625 16380 14769 14248 16470 15950 14326 14352 13825 15512 14430 16124 15039 16182 14534 16800 16830 15174 16890 15792 15255 15282 17010 15904 14794 17100 17130 14872 16044 14350 16100 16704 16733 16762 16791 15660 17430 16878 15158 16936 17550 14650 17610 14700 16492 14750 17139 15392 15418 17820 17255 16688 17313 16146 17970 16800 16227 16254 17487 17516 16940 18180 16389 16416 15834 17080 15886 16524 17777 15964 15990 17864 16042 17922 17951 17360 18630 17416 18690 18096 16250 18780 16302 17584 16354 18900 15775 17064 18990 19020 17780 19080 19110 17226 17253 17280 17307 16692 19290 17388 16125 18088 16175 18792 18821 19500 18228 18908 18284 16350 18995 17056 17082 18424 18452 17820 17847 17212 18564 17264 19950 17316 18009 16700 16725 16750 16775 17472 16825 16850 17550 20280 17602 17628 19691 17680 19068 20460 17758 19836 17810 19208 19236 17888 17914 20700 17275 17992 20790 19432 20850 20184 17425 18148 19572 18900 18927 18954 20387 18304 19035 19062 19089 21240 19143 19170 18486 19224 21390 18564 19305 21480 20793 17950 20132 19440 20188 19494 18798 20996 19575 18150 18175 18928 21141 19710 19737 18300 21990 20552 21315 22080 18425 21402 18475 21460 21489 18550 20804 20832 18625 18650 21663 19448 19474 20250 20277 19552 19578 21112 21895 18900 20439 20466 20493 19760 22830 22098 21364 19100 21420 19150 20709 23040 20763 23100 19275 22388 21644 20898 23250 20176 21756 22562 20254 21060 19525 23460 21141 21952 21980 23580 19675 19700 19725 23700 23730 22176 23790 23820 21465 21492 22316 23940 20774 20800 24030 20852 20075 20100 23345 24180 20175 21816 21843 23490 22708 20300 22764 21978 22820 24480 21242 22904 23751 24600 22988 23838 20575 23896 20625 23128 23983 21528 22383 21580 24930 24960 23324 21684 25050 23408 21762 23464 22653 25200 22707 24418 24447 21100 21125 21150 21175 22048 24621 22950 24679 24708 23884 23912 25650 24824 22282 23166 25770 21500 23247 24136 25890 23328 22490 23382 22542 24304 23463 24360 23517 23544 24444 24472 26250 24528 23679 26340 21975 24640 22025 26460 23841 23868 23895 23036 22175 25752 24892 24030 23166 25868 22325 24138 25955 22400 24219 25144 23374 22500 24327 25256 24381 27120 22625 23556 26303 27240 26361 24570 25508 22800 27390 26506 25620 27480 24759 22950 22975 23000 23025 23972 26767 24948 26825 26854 25029 27840 25083 26970 27930 23300 24258 24284 25245 24336 28110 27202 23475 24440 25407 27318 25461 23600 24570 26488 23675 28440 27521 23750 24726 27608 25731 26712 28650 28680 27753 25866 25893 25920 28830 24050 28890 24100 28950 26082 27076 25168 25194 28130 27188 25272 24325 28246 29250 27328 29310 25428 26433 26460 26487 27496 24575 27552 26595 28594 29610 24700 27692 26730 29730 28768 25818 25844 27860 26892 28913 24950 500
1000
580 770
65 918
640 977
395 552
791 947
772 910
201 786
955 971
916 950
719 856
381 403
950 999
454 820
913 961
937 987
88 282
366 860
397 562
17 784
973 974
807 869
553 979
777 813
231 377
116 841
515 648
938 956
469 889
539 917
545 746
112 505
917 944
807 888
176 339
75 427
345 953
563 913
957 960
60 769
274 521
689 813
8 142
931 971
247 551
404 690
710 940
553 579
393 906
259 812
574 871
48 268
422 755
573 972
157 785
746 865
480 541
692 904
627 996
535 769
655 675
398 803
631 847
560 737
136 641
329 900
49 359
585 923
796 953
256 948
850 964
522 778
582 947
790 937
740 897
828 935
602 679
776 963
311 732
951 962
575 783
328 416
996 997
401 947
359 777
435 873
893 929
724 940
980 995
616 709
193 882
272 495
230 434
230 284
570 934
845 936
391 650
448 747
239 872
349 487
390 904
626 787
713 978
428 488
522 879
487 518
62 287
633 819
367 480
92 963
793 996
358 468
144 340
931 969
410 837
799 992
885 942
102 551
387 932
904 939
335 950
27 437
234 284
912 956
30 871
111 387
184 351
553 696
234 471
753 879
311 681
282 977
853 873
569 738
757 895
832 846
816 874
683 723
500 571
228 893
643 671
268 940
835 862
476 952
162 702
249 707
833 922
806 854
971 1000
772 815
840 873
605 764
386 401
361 405
472 934
348 652
985 997
130 623
331 980
62 989
65 84
245 682
283 747
910 944
301 960
854 871
924 990
520 546
946 971
741 742
429 989
307 615
996 999
989 992
79 780
183 506
753 768
756 893
620 715
60 572
906 948
639 792
413 537
315 795
559 911
431 749
810 898
174 405
113 128
341 784
189 238
344 856
242 390
67 985
597 812
812 885
183 618
259 847
580 652
413 640
198 986
491 692
88 425
212 918
717 776
672 966
305 659
644 715
511 515
196 628
96 635
125 859
864 907
905 992
516 652
573 665
181 895
430 987
161 925
287 925
154 607
949 968
140 425
343 878
760 891
402 519
702 1000
174 755
771 952
681 870
761 949
784 827
908 934
331 872
97 127
297 486
52 785
221 949
468 777
442 909
129 497
771 981
92 484
938 989
253 545
466 737
507 703
780 822
397 474
915 994
876 935
755 776
560 614
780 981
27 656
222 738
850 904
988 995
184 498
518 655
523 864
662 961
526 768
983 995
599 990
715 868
918 966
678 873
303 880
627 840
659 898
840 902
916 959
187 538
876 997
801 852
121 362
196 817
228 930
898 917
879 916
483 647
263 752
881 963
839 962
43 961
579 579
517 713
784 895
78 167
462 818
905 944
68 400
740 907
715 730
21 788
73 431
147 602
904 985
632 906
686 725
525 890
803 826
238 792
957 981
570 690
956 968
517 536
881 950
530 972
357 875
248 417
971 990
548 684
726 783
553 637
49 569
147 727
658 960
897 988
195 908
259 660
106 850
910 982
97 177
918 965
935 942
873 991
373 553
953 998
99 924
161 625
937 981
358 902
264 994
165 974
447 732
737 826
54 754
243 683
16 277
890 965
586 669
451 653
607 820
844 864
536 647
703 898
51 165
87 979
26 698
690 937
764 890
765 887
465 684
234 986
256 481
673 675
136 886
202 928
937 941
789 981
766 788
571 859
967 985
304 925
637 939
80 853
590 635
564 612
566 867
348 614
585 959
603 968
196 736
779 938
402 445
245 792
352 796
602 973
919 921
217 525
14 172
466 663
613 825
866 866
665 900
755 895
708 853
394 586
526 848
780 932
676 937
621 854
906 908
301 675
112 235
305 960
932 937
740 777
547 679
269 795
435 783
327 608
625 714
736 851
455 556
624 923
858 996
39 175
656 964
123 630
191 513
728 741
890 906
876 957
534 565
664 901
884 936
253 823
839 856
424 624
883 953
882 960
669 995
766 945
167 828
359 522
891 999
808 928
368 795
815 868
370 831
929 967
441 814
428 720
75 115
365 850
227 349
545 775
963 976
850 900
285 952
228 650
841 956
365 389
896 975
295 433
56 476
646 810
608 708
559 812
198 226
27 588
508 638
13 70
776 836
108 425
731 781
326 391
983 999
747 962
58 694
669 849
189 314
24 134
374 926
226 449
139 620
926 975
195 920
375 654
466 755
148 837
476 823
728 868
584 791
584 809
747 779
221 928
636 663
979 996
4 825
870 939
422 481
743 858
498 875
945 951
64 405
177 284
333 996
865 911
876 948
544 603
970 975
630 773
987 989
738 882
580 641
50 80
124 165
741 823
847 854
693 731
452 781
975 999
294 930
763 845
469 712
639 683
267 534
749 863
849 924
172 850
588 830
658 883
913 938
430 995
83 517
543 643
598 760
54 775
398 625
693 748
17 646
666 983
744 817
97 514
990 999
637 916
488 968
522 555
828 896
365 730
789 935
355 772
32 706
615 993
271 531
129 985
694 859
535 732
456 700
431 653
55 346
417 607
533 662
733 912
180 417
965 965
51 256
630 736
243 738
821 851
924 978
186 500
560 818
14 933
992 994
592 732
114 635
732 842
947 993
417 956
681 744
708 761
945 1000
979 985
834 997
893 926
722 878
652 843
721 865
15 381
883 990
399 696
940 980
354 367
990 994
901 969
974 998
827 908
215 378
807 881
399 506
448 910
924 971
613 868
587 771
121 242
719 890
146 462
506 611
851 899
127 324
551 576
330 643
774 916
165 801
818 825
679 967
359 738
369 432
158 310
602 622
552 644
572 648
423 725
907 978
978 994
978 985
796 950
987 988
815 994
977 982
785 951
443 482
118 281
825 987
39 468
481 881
187 678
160 420
594 970
430 865
659 934
238 340
741 826
411 950
721 994
357 803
562 756
652 968
778 947
280 549
388 957
164 682
532 613
715 728
430 643
201 702
255 462
984 999
80 173
473 732
600 761
640 832
536 566
621 667
401 529
984 994
270 492
430 657
663 669
600 601
972 993
518 765
273 899
521 662
820 868
528 783
621 918
32 314
176 851
828 936
375 949
811 965
393 625
313 434
234 493
233 898
289 733
756 995
300 372
531 603
86 465
657 974
455 936
357 560
3 647
958 971
31 228
170 686
340 719
854 975
684 699
692 898
482 693
355 758
24 392
798 817
486 883
288 319
861 869
538 646
441 524
565 627
320 344
940 963
155 325
408 812
250 890
172 538
20 86
537 782
89 511
101 206
145 620
661 961
632 804
804 883
206 865
86 419
370 385
620 644
289 947
5 865
123 215
315 526
215 881
303 534
209 348
619 879
695 804
97 528
191 630
900 960
820 898
71 268
189 231
79 237
447 466
372 998
98 735
928 956
189 976
678 837
991 996
358 644
298 678
215 621
551 572
510 684
433 745
701 911
5 521
496 665
196 473
877 879
159 701
628 650
240 492
524 778
275 841
390 632
33 365
901 946
739 864
517 802
960 994
195 719
311 634
301 556
785 805
469 733
25 401
380 411
707 861
6 346
784 863
894 918
63 225
859 880
213 396
731 986
113 951
402 590
425 733
508 624
992 998
261 952
887 990
64 766
766 768
737 825
846 855
729 759
526 662
6 493
367 599
340 909
372 412
524 837
140 541
847 1000
623 716
851 972
649 727
293 420
230 536
465 754
192 528
142 573
12 590
571 929
369 547
99 274
984 988
609 898
842 966
682 998
258 784
582 935
380 676
625 879
919 934
922 959
289 378
745 751
319 785
610 734
202 275
294 471
331 615
471 768
995 996
609 977
703 933
125 730
734 816
808 842
833 855
766 979
563 965
697 746
386 730
796 835
609 624
241 314
68 862
499 500
31 552
973 976
875 894
446 988
320 527
963 994
92 919
840 974
234 259
1 782
941 948
35 584
875 891
116 215
185 874
111 536
129 859
743 772
1 701
861 910
758 958
5 306
710 991
905 956
775 972
765 796
867 888
254 729
42 86
968 973
664 789
455 893
188 381
829 987
704 947
479 625
660 983
908 943
254 747
331 881
394 759
525 559
252 842
980 983
500 883
152 672
231 866
51 672
755 774
288 549
700 920
614 927
911 919
40 670
945 964
859 889
443 825
638 656
124 360
932 971
470 985
114 947
332 614
483 715
865 881
708 865
70 885
52 455
327 603
200 748
300 996
895 930
215 434
628 663
865 999
678 879
901 908
919 961
757 867
620 975
94 414
793 911
815 937
973 996
8 426
880 937
11 156
301 992
147 445
495 820
561 934
812 820
252 274
143 627
983 998
402 857
553 560
731 957
790 805
835 853
644 998
720 846
238 321
529 606
612 697
469 544
823 929
164 681
199 998
105 249
431 836
764 865
427 535
885 985
995 997
694 706
85 977
562 620
34 82
232 937
897 954
941 982
602 702
815 885
186 599
24 807
771 970
211 520
537 979
94 785
660 663
148 486
319 973
179 812
506 732
501 875
614 815
943 980
343 840
901 979
672 834
321 699
841 898
896 935
211 660
826 907
28 899
669 734
163 672
666 937
181 934
521 615
240 863
453 468
683 928
218 723
222 345
668 961
119 552
24 214
