882 882
445 458
665 675
577 589
445 458
481 488
577 589
445 458
707 718
768 779
804 812
445 458
796 805
445 458
886 887
577 589
445 458
337 345
445 458
884 884
577 589
707 718
445 458
707 718
510 516
265 271
833 840
768 779
577 589
445 458
445 458
488 496
445 458
577 589
337 345
665 672
807 815
891 892
833 840
707 718
445 458
445 458
748 752
577 589
445 458
445 458
577 589
707 718
445 458
445 458
445 458
796 805
445 458
445 458
852 858
445 458
796 805
707 718
221 231
872 880
707 718
852 858
445 458
796 805
221 231
445 458
445 458
768 779
707 718
445 458
707 718
577 589
707 718
796 805
445 458
577 589
707 718
872 880
707 718
445 458
853 858
221 231
445 458
445 458
445 458
445 458
445 458
665 675
445 458
445 458
707 718
221 231
445 458
690 692
445 458
577 589
244 254
445 458
173 181
445 458
577 589
445 458
768 779
445 458
872 880
833 840
768 779
890 891
481 488
768 779
592 598
221 231
253 255
707 718
445 458
733 735
707 718
445 458
445 458
445 458
445 458
872 880
707 718
445 458
445 458
221 231
445 458
445 458
445 458
445 458
445 458
445 458
445 458
768 779
768 779
445 458
872 880
445 458
577 589
577 589
707 718
707 718
577 589
577 589
445 458
445 458
796 805
577 589
707 718
577 589
577 589
244 254
707 718
577 589
445 458
445 458
707 718
796 805
577 589
445 458
445 458
445 458
577 589
408 414
445 458
221 231
665 675
337 345
638 638
707 718
445 458
580 589
872 880
445 458
804 812
445 458
173 181
577 589
221 231
707 718
445 458
852 858
707 718
577 589
445 458
577 589
628 633
445 458
852 854
680 688
445 458
707 718
577 589
445 458
872 880
852 858
445 458
833 840
445 458
221 231
445 458
221 231
445 458
707 718
445 458
221 231
680 688
833 840
796 805
665 675
577 589
707 718
577 589
445 458
445 458
854 858
577 589
796 805
445 458
445 458
221 231
221 231
445 458
665 675
445 458
707 718
445 458
768 777
445 458
665 675
665 675
870 873
445 458
47 53
577 589
577 589
768 779
445 458
577 589
445 458
445 458
707 718
445 458
445 458
768 779
445 458
445 458
265 271
445 458
221 231
445 458
768 779
445 458
577 589
445 458
707 718
445 458
577 589
577 589
577 589
577 589
577 589
872 880
577 589
226 230
445 458
221 231
510 516
445 458
796 805
408 414
445 458
445 458
707 718
707 718
577 589
768 779
577 589
768 779
763 769
445 458
796 805
244 254
707 718
445 458
577 589
577 589
445 458
786 790
221 231
445 458
244 254
445 458
796 805
722 729
665 675
665 675
872 880
707 718
445 458
445 458
577 589
445 458
445 458
445 458
768 779
445 458
221 231
628 633
768 779
445 458
173 181
445 458
577 589
337 345
445 458
445 458
445 458
707 714
445 458
445 458
872 880
577 589
769 779
221 231
577 589
707 718
445 458
768 779
445 458
445 458
221 231
445 458
707 718
796 805
221 231
833 840
445 458
707 718
804 812
587 591
876 880
445 458
445 458
445 458
445 458
445 458
445 458
257 257
445 458
445 458
445 458
534 538
665 675
844 849
577 589
577 589
707 718
488 496
768 779
577 589
665 675
577 589
445 458
221 231
445 458
445 458
577 589
445 458
768 779
421 430
707 718
445 458
577 589
872 880
198 206
768 779
577 589
445 458
872 880
707 718
445 458
221 231
221 231
221 231
221 231
445 458
221 231
665 675
445 458
445 458
768 779
768 779
833 840
857 861
445 458
577 589
445 458
825 828
173 181
707 718
445 458
221 231
876 876
445 458
221 231
796 805
445 458
445 458
459 467
873 873
445 458
707 718
445 458
844 849
371 376
807 815
445 458
23 27
796 805
707 718
445 458
445 458
445 455
341 345
707 718
577 589
707 718
707 718
768 779
445 458
337 345
445 458
577 589
707 718
577 589
445 458
577 589
445 458
445 458
445 458
796 801
577 589
445 458
665 675
577 589
173 181
577 589
768 779
577 589
221 231
445 458
796 805
337 345
863 866
445 458
796 805
445 458
768 779
445 458
488 496
445 458
796 805
445 458
445 458
707 718
221 231
381 386
445 458
445 458
577 589
445 458
707 718
577 589
852 858
852 858
445 458
872 880
835 840
445 458
445 458
777 781
707 718
445 458
445 458
707 718
445 458
445 458
707 718
665 675
138 143
768 779
577 589
889 890
47 53
707 718
707 718
872 876
577 589
445 458
796 805
577 589
665 675
707 718
