648 650
648 650
389 390
648 650
611 612
785 786
710 710
648 650
413 414
648 650
239 240
744 745
754 754
645 646
648 650
360 361
389 390
53 54
53 54
648 650
649 650
337 338
744 745
763 764
775 775
611 612
648 650
648 650
744 745
648 650
239 240
337 338
648 650
267 268
744 745
802 802
766 766
744 745
648 650
560 560
337 338
648 650
413 414
267 268
239 240
785 786
670 670
337 338
782 783
337 338
360 361
134 134
53 54
759 759
239 240
744 745
239 240
689 690
648 650
648 650
648 650
744 745
53 54
648 650
239 240
648 650
288 288
658 659
239 240
805 805
648 650
639 640
337 338
193 193
53 54
337 338
53 54
785 786
360 361
53 54
744 745
648 650
397 397
337 338
473 474
648 650
648 650
239 240
53 54
239 240
744 745
648 650
239 240
337 338
239 240
589 589
53 54
239 240
499 500
337 338
432 433
648 650
648 650
533 534
658 659
648 650
239 240
648 650
648 650
337 338
648 650
239 240
389 390
648 650
648 650
648 650
648 650
648 650
648 650
763 764
473 474
648 650
648 650
239 240
337 338
239 240
197 197
744 745
648 650
744 745
648 650
653 653
239 240
440 441
648 650
53 54
116 116
690 690
267 268
648 650
239 240
337 338
389 390
648 650
239 240
473 474
389 390
148 148
648 650
723 723
648 650
794 794
770 770
648 650
239 240
440 441
440 441
239 240
713 713
648 650
648 650
337 338
648 650
648 650
648 650
648 650
648 650
267 268
648 650
648 650
689 690
239 240
648 650
689 690
53 54
337 338
800 800
648 650
648 650
744 745
499 500
648 650
499 500
648 650
801 801
239 240
165 165
692 693
267 268
648 650
267 268
413 414
648 650
337 338
239 240
744 745
797 798
648 650
648 650
542 543
493 493
499 500
239 240
239 240
648 650
648 650
665 666
53 54
239 240
648 650
239 240
53 54
65 65
689 690
648 650
53 54
648 650
648 650
648 650
473 474
648 650
648 650
648 650
648 650
473 474
648 650
648 650
648 650
648 650
648 650
648 650
648 650
53 54
53 54
239 240
432 433
239 240
239 240
648 650
744 745
635 635
689 690
568 568
648 650
744 745
648 650
267 268
806 806
239 240
648 650
389 390
776 776
239 240
60 60
648 650
239 240
648 650
53 54
239 240
648 650
797 798
73 73
389 390
744 745
499 500
803 803
533 534
45 45
726 726
239 240
648 650
413 414
648 650
499 500
648 650
239 240
239 240
53 54
763 764
337 338
648 650
648 650
763 764
239 240
53 54
797 798
337 338
533 534
337 338
360 361
533 534
648 650
648 650
360 361
648 650
738 738
763 764
648 650
648 650
665 666
360 361
648 650
533 534
473 474
648 650
697 698
239 240
648 650
93 93
239 240
648 650
239 240
239 240
803 803
763 764
744 745
763 764
648 650
473 474
473 474
53 54
239 240
648 650
239 240
800 800
239 240
648 650
648 650
239 240
432 433
648 650
648 650
648 650
648 650
776 776
559 560
648 650
648 650
337 338
413 414
239 240
533 534
648 650
267 268
648 650
665 666
82 82
806 806
648 650
648 650
648 650
360 361
239 240
611 612
57 57
648 650
744 745
337 338
389 390
473 474
744 745
648 650
689 690
239 240
648 650
256 256
239 240
640 640
611 612
689 690
239 240
522 522
648 650
239 240
239 240
648 650
53 54
542 543
282 282
174 174
648 650
648 650
648 650
648 650
239 240
648 650
127 127
648 650
648 650
432 433
533 534
337 338
239 240
267 268
744 745
559 560
239 240
648 650
267 268
689 690
648 650
648 650
648 650
4 4
239 240
716 716
287 287
239 240
648 650
67 67
648 650
763 764
648 650
648 650
10 10
658 659
337 338
57 57
648 650
239 240
782 783
337 338
648 650
648 650
53 54
785 786
239 240
413 414
267 268
239 240
239 240
740 740
239 240
700 700
53 54
648 650
689 690
239 240
648 650
744 745
648 650
337 338
648 650
156 156
239 240
473 474
648 650
239 240
337 338
648 650
648 650
53 54
648 650
53 54
648 650
648 650
239 240
194 194
689 690
648 650
689 690
648 650
746 746
611 612
648 650
106 106
744 745
658 659
533 534
648 650
744 745
744 745
714 714
542 543
744 745
648 650
239 240
744 745
337 338
648 650
782 783
782 783
648 650
648 650
744 745
804 804
748 748
648 650
239 240
718 718
239 240
648 650
337 338
337 338
648 650
267 268
744 745
499 500
389 390
564 564
389 390
239 240
648 650
648 650
91 91
239 240
744 745
239 240
753 753
239 240
389 390
239 240
648 650
648 650
648 650
648 650
648 650
648 650
239 240
648 650
267 268
648 650
389 390
473 474
611 612
239 240
648 650
239 240
239 240
648 650
689 690
109 109
239 240
665 666
53 54
480 481
648 650
763 764
337 338
239 240
648 650
744 745
337 338
648 650
239 240
360 361
337 338
178 178
648 650
648 650
648 650
648 650
267 268
273 273
648 650
782 783
648 650
413 414
473 474
413 414
648 650
239 240
360 361
239 240
413 414
533 534
648 650
360 361
785 786
697 698
360 361
559 560
337 338
648 650
648 650
53 54
750 750
648 650
53 54
689 690
239 240
648 650
648 650
239 240
248 248
648 650
499 500
689 690
611 612
648 650
648 650
744 745
193 193
658 659
648 650
432 433
53 54
648 650
53 54
689 690
648 650
648 650
641 641
337 338
239 240
648 650
270 270
648 650
648 650
648 650
53 54
267 268
648 650
648 650
533 534
648 650
337 338
803 803
239 240
169 169
648 650
473 474
648 650
648 650
337 338
648 650
648 650
648 650
432 433
337 338
648 650
648 650
53 54
665 666
239 240
648 650
239 240
239 240
648 650
239 240
499 500
648 650
648 650
648 650
648 650
239 240
444 445
648 650
648 650
648 650
337 338
648 650
744 745
725 725
782 783
337 338
763 764
648 650
648 650
648 650
759 759
689 690
239 240
658 659
763 764
533 534
389 390
440 441
648 650
648 650
648 650
337 338
648 650
53 54
389 390
267 268
480 481
648 650
689 690
53 54
744 745
239 240
239 240
648 650
648 650
648 650
744 745
744 745
648 650
648 650
648 650
648 650
475 476
239 240
389 390
689 690
658 659
648 650
648 650
648 650
722 722
648 650
648 650
648 650
648 650
648 650
648 650
100 100
648 650
239 240
744 745
648 650
648 650
760 760
782 783
648 650
239 240
648 650
239 240
648 650
53 54
744 745
239 240
648 650
705 705
533 534
239 240
239 240
239 240
250 250
239 240
239 240
744 745
648 650
785 786
648 650
648 650
763 764
533 534
501 501
648 650
337 338
648 650
342 342
53 54
648 650
648 650
648 650
804 804
239 240
239 240
294 294
239 240
239 240
337 338
239 240
648 650
782 783
267 268
790 790
648 650
772 772
648 650
648 650
239 240
53 54
648 650
665 666
413 414
337 338
648 650
239 240
648 650
648 650
805 805
239 240
648 650
763 764
744 745
267 268
648 650
648 650
337 338
667 667
689 690
754 754
533 534
648 650
648 650
648 650
360 361
337 338
648 650
648 650
744 745
337 338
763 764
239 240
658 659
337 338
239 240
648 650
239 240
689 690
648 650
648 650
648 650
239 240
611 612
337 338
611 612
53 54
239 240
648 650
648 650
337 338
171 171
239 240
542 543
797 798
473 474
648 650
53 54
648 650
648 650
771 771
360 361
648 650
239 240
267 268
648 650
648 650
648 650
239 240
648 650
648 650
648 650
648 650
648 650
648 650
360 361
389 390
337 338
763 764
611 612
53 54
648 650
239 240
648 650
648 650
689 690
648 650
337 338
337 338
648 650
77 77
648 650
648 650
337 338
239 240
763 764
648 650
239 240
801 801
473 474
337 338
648 650
648 650
389 390
648 650
239 240
337 338
239 240
239 240
648 650
84 84
648 650
648 650
648 650
88 88
763 764
432 433
716 716
337 338
239 240
648 650
689 690
716 716
413 414
763 764
53 54
432 433
648 650
117 117
239 240
763 764
267 268
648 650
239 240
53 54
360 361
559 560
440 441
648 650
648 650
648 650
337 338
533 534
533 534
337 338
53 54
587 587
782 783
239 240
797 798
648 650
648 650
53 54
648 650
611 612
473 474
648 650
337 338
473 474
648 650
337 338
53 54
648 650
700 700
763 764
239 240
239 240
360 361
744 745
239 240
239 240
648 650
337 338
692 693
722 722
337 338
648 650
648 650
692 693
546 546
337 338
648 650
648 650
337 338
648 650
689 690
744 745
744 745
648 650
648 650
473 474
239 240
648 650
53 54
648 650
239 240
648 650
533 534
239 240
648 650
239 240
648 650
648 650
239 240
