613 619
699 709
699 709
677 678
499 510
102 110
499 510
499 510
699 709
699 709
630 639
606 607
548 551
499 510
499 510
102 110
699 709
743 753
499 510
24 29
569 578
499 510
569 578
499 510
499 510
499 510
243 250
499 510
499 510
499 510
102 110
499 510
699 709
102 110
102 110
499 510
499 510
102 110
581 585
499 510
499 510
499 510
743 749
243 250
277 283
277 283
499 510
102 110
602 605
102 110
499 510
499 510
277 283
102 110
499 510
323 331
743 753
699 709
499 510
499 510
499 510
323 331
499 510
699 709
699 709
323 331
699 709
699 709
204 206
499 510
800 804
499 510
499 510
699 709
743 753
499 510
699 709
569 578
102 110
699 709
499 510
499 510
699 709
800 802
823 823
801 804
499 510
569 578
243 250
757 757
499 510
102 110
499 510
499 510
699 709
499 510
699 709
815 820
499 510
499 510
699 709
743 749
499 510
699 709
700 706
323 331
499 510
569 578
102 110
499 510
499 510
499 510
699 709
102 110
180 185
499 510
768 772
499 510
699 709
323 331
360 362
768 772
810 812
631 639
102 110
699 709
499 510
323 331
323 331
323 331
800 804
295 297
323 331
499 510
499 510
500 510
815 820
385 393
499 510
815 820
102 110
499 510
499 510
755 757
499 510
499 510
699 709
323 331
364 365
285 289
323 331
561 563
569 578
323 331
102 110
743 753
768 772
385 393
800 804
499 508
699 709
699 709
499 510
33 38
127 133
105 110
699 709
499 510
499 510
102 110
499 510
699 709
699 709
499 510
499 510
323 331
127 133
499 510
699 709
243 250
768 772
699 709
323 331
664 671
102 110
412 416
699 709
526 528
102 110
102 110
499 510
499 510
716 723
24 29
499 510
102 110
499 510
699 709
726 730
800 804
699 709
499 510
699 709
499 510
800 804
809 812
499 510
499 510
323 331
699 709
815 820
499 510
569 578
499 510
572 578
323 331
699 709
499 510
529 534
499 510
499 510
102 110
277 283
699 709
815 820
499 510
499 510
784 788
743 753
784 788
499 510
323 331
458 466
499 510
102 110
816 816
499 510
24 29
499 510
699 709
499 510
499 510
784 788
699 709
699 709
499 510
499 510
815 820
699 709
699 709
569 578
499 510
569 578
499 510
458 466
323 331
630 639
385 393
821 821
699 709
499 510
499 510
385 393
323 331
743 753
699 709
323 331
790 794
351 355
499 510
243 250
743 753
743 753
743 753
102 110
768 772
323 331
499 510
699 709
755 757
499 510
499 510
571 578
499 510
323 331
699 709
472 475
699 709
499 510
499 510
499 510
699 709
499 510
102 110
499 510
499 510
699 709
323 331
137 139
727 730
499 510
630 639
699 709
547 552
815 820
815 820
499 510
499 510
499 510
499 510
180 185
699 709
102 110
569 578
699 709
323 331
499 510
630 639
569 578
102 110
499 510
499 510
499 510
499 510
102 110
699 709
569 578
102 110
569 578
323 331
499 510
499 510
784 788
569 578
643 648
499 510
716 723
102 110
499 510
499 510
699 709
499 510
499 510
768 772
499 510
323 331
743 753
499 510
323 331
499 510
630 639
499 510
102 110
323 331
323 331
569 578
24 29
569 578
499 510
323 331
102 110
768 772
699 709
385 393
699 709
699 709
499 510
323 331
499 510
743 753
699 709
499 510
699 709
743 753
102 110
102 110
102 110
613 619
499 510
806 807
323 331
243 250
323 331
699 709
702 709
499 510
499 510
499 510
613 619
499 510
569 578
323 331
499 510
323 331
820 823
699 709
385 393
323 331
286 289
499 510
699 709
499 510
699 709
683 685
613 619
499 510
570 578
499 510
499 510
699 709
569 578
699 709
815 819
499 510
499 510
499 510
499 510
630 639
499 510
24 29
699 709
613 619
499 510
691 692
499 510
699 709
699 709
815 820
699 709
784 788
799 799
499 510
499 510
630 639
504 510
630 639
499 510
630 639
499 510
569 578
499 510
743 753
699 709
499 510
499 510
630 639
499 510
699 709
323 331
102 110
499 510
499 510
50 55
499 510
699 709
499 510
699 709
499 510
323 331
243 250
499 510
499 510
323 331
499 510
499 510
499 510
749 753
664 671
699 709
499 510
102 110
499 510
699 709
499 510
800 804
699 709
499 510
499 510
716 723
499 510
499 510
323 331
699 709
699 709
499 510
328 329
129 132
499 510
499 510
699 709
699 709
323 331
243 250
24 29
499 510
743 753
104 110
499 510
102 110
499 510
499 510
499 510
569 578
815 820
780 780
499 510
815 820
167 169
699 709
102 110
815 820
102 110
499 510
499 510
499 510
699 709
499 510
149 149
499 510
699 709
499 510
815 820
499 510
743 753
323 331
499 510
499 510
499 510
699 709
499 510
499 510
499 510
499 510
699 709
499 510
569 578
499 510
82 88
499 510
809 812
499 510
699 709
699 709
102 110
569 578
569 578
499 510
743 753
699 709
102 110
102 110
458 466
664 671
630 639
499 510
784 788
243 250
800 804
699 709
499 510
243 250
499 510
499 510
743 753
572 578
499 510
102 110
630 639
569 578
743 753
699 709
499 510
569 578
102 110
716 723
699 709
24 29
699 709
412 416
699 709
499 510
499 510
823 823
499 510
743 753
699 709
102 110
499 510
699 709
102 110
743 753
323 331
323 331
642 648
499 510
