524 530
672 678
524 530
728 733
897 903
36 41
672 678
524 530
916 916
524 530
524 530
672 678
524 530
672 678
36 41
897 903
897 903
524 530
855 857
524 530
924 928
524 530
524 530
376 380
524 530
893 895
524 530
524 530
319 323
524 530
524 530
672 678
171 176
524 530
524 530
946 946
672 678
376 380
702 704
524 530
728 733
647 651
672 678
524 530
262 267
524 530
897 903
431 435
524 530
788 791
524 530
405 408
788 791
524 530
524 530
825 829
524 530
936 938
874 876
897 903
171 176
728 733
524 530
403 403
524 530
524 530
524 530
672 678
171 176
524 530
524 530
231 234
897 903
949 952
947 947
626 627
298 302
262 267
171 176
728 733
524 530
825 829
788 791
492 496
672 678
319 323
524 530
524 530
672 678
524 530
36 41
672 678
524 530
524 530
524 530
524 530
524 530
171 176
524 530
672 678
924 928
524 530
897 903
524 530
171 176
731 733
524 530
825 829
524 530
139 143
897 903
825 829
672 678
672 678
897 903
171 176
788 791
785 787
524 530
524 530
171 176
897 903
672 678
524 530
897 903
524 530
524 530
757 760
524 530
672 678
897 903
672 678
524 529
50 51
524 530
36 41
524 530
524 530
262 267
524 530
672 678
524 530
524 530
524 530
728 733
825 829
897 903
728 733
376 380
524 530
636 637
524 530
524 530
672 678
672 678
672 678
672 678
687 689
524 530
948 948
758 760
524 530
524 530
524 530
524 530
606 611
524 530
298 302
806 809
524 530
524 530
825 829
672 678
524 530
728 733
897 903
524 530
752 755
524 530
672 678
524 530
524 530
524 530
298 302
672 678
825 829
825 829
728 733
742 746
606 611
943 946
524 530
897 903
524 530
672 678
524 530
640 642
262 267
788 791
924 928
672 678
672 678
672 678
897 903
825 829
524 530
171 176
524 530
36 41
524 530
524 530
789 791
672 678
897 903
524 530
524 530
606 611
678 679
524 530
171 176
647 651
524 530
431 435
376 380
262 267
524 530
672 678
924 927
262 267
36 41
672 678
379 382
275 278
171 176
524 530
524 530
524 530
728 733
262 267
524 530
524 530
897 903
833 836
818 821
524 530
524 530
924 928
524 530
524 530
524 530
825 829
672 678
524 530
524 530
524 530
825 829
924 928
672 678
844 847
524 530
672 678
524 530
825 829
647 651
524 530
897 903
262 267
672 678
524 530
524 529
524 530
524 530
524 530
524 530
698 701
897 903
376 380
728 733
171 176
524 530
524 530
874 876
36 41
319 323
895 895
262 267
36 41
897 903
298 302
672 678
262 267
672 678
901 903
672 678
524 530
897 903
672 678
844 847
99 101
672 678
524 530
672 678
524 530
524 530
262 267
672 678
231 234
524 530
922 922
672 678
524 530
524 530
952 952
936 938
524 530
672 678
36 41
936 938
897 903
114 116
171 176
943 946
524 530
524 530
524 530
524 530
524 530
647 651
900 903
524 530
524 530
897 903
524 530
672 678
913 915
672 678
171 176
524 530
524 530
524 530
825 829
728 733
897 903
897 903
728 733
171 176
874 876
897 903
943 946
728 733
319 323
171 176
36 41
897 903
262 267
524 530
728 733
924 926
672 678
524 530
672 678
524 530
883 885
790 790
524 530
524 530
524 530
524 530
672 678
897 902
524 530
844 847
825 829
171 176
524 530
672 678
298 302
524 530
524 530
524 530
524 530
943 946
524 530
262 267
897 903
672 678
524 530
524 530
764 765
825 829
672 678
698 701
874 876
672 678
728 733
672 678
171 176
171 176
376 380
171 176
855 857
524 530
524 530
524 530
672 678
524 530
524 530
524 530
742 746
672 678
171 176
542 545
672 678
899 903
729 733
524 530
524 530
855 857
826 829
524 530
672 678
825 829
672 678
524 530
524 530
298 302
524 530
376 380
262 267
319 323
524 530
319 323
524 530
524 530
857 859
672 678
171 176
728 733
728 733
524 530
524 530
524 530
825 829
728 733
171 176
606 611
524 530
924 928
728 733
924 926
897 903
524 530
524 530
524 530
91 94
524 530
524 530
524 530
524 530
524 530
524 530
897 903
524 530
524 530
524 530
897 902
262 267
897 903
524 530
728 733
897 903
897 903
647 651
728 733
524 530
844 847
897 903
91 94
524 530
897 903
524 530
524 530
524 530
672 678
524 530
376 380
524 530
599 603
728 733
139 143
924 928
672 678
936 938
825 829
524 530
552 555
524 530
524 530
524 530
524 530
524 530
524 530
672 678
183 185
924 926
913 915
728 733
171 176
672 678
524 530
647 651
897 903
492 496
728 733
833 836
834 836
672 678
524 530
897 903
524 530
728 733
524 530
897 903
825 829
825 829
524 530
524 530
524 530
298 302
728 733
171 176
319 323
524 530
897 901
897 903
897 903
524 530
524 530
524 530
672 678
924 928
524 530
524 530
672 678
672 678
524 530
869 869
524 530
728 733
897 903
713 715
524 530
945 946
524 530
672 678
807 809
880 881
262 267
36 41
524 530
524 530
405 409
262 267
524 530
752 755
262 267
897 903
672 678
524 530
524 530
524 530
788 791
924 928
698 701
672 678
376 380
524 530
524 530
949 951
524 530
171 176
728 733
897 903
672 678
728 733
672 678
524 530
262 267
672 678
672 678
728 733
262 267
376 380
752 755
524 530
897 903
171 176
524 530
263 267
524 530
742 746
524 530
825 829
139 143
672 678
897 903
825 829
672 678
524 530
672 678
844 847
672 678
524 530
672 678
524 530
936 938
924 928
672 678
38 41
524 530
606 611
897 903
672 678
895 895
524 530
524 530
524 530
897 903
524 530
672 678
897 903
171 176
262 267
524 530
319 323
825 829
825 829
524 530
524 530
672 678
171 176
524 530
524 530
788 791
524 530
524 530
524 530
764 765
897 903
672 678
728 733
672 678
924 928
524 530
897 903
262 267
524 530
874 876
672 678
262 267
672 678
139 143
924 928
171 176
943 946
524 530
897 903
524 530
672 678
524 530
855 857
492 496
524 530
171 176
524 530
524 530
376 380
825 829
897 903
524 530
36 41
673 678
897 903
298 302
773 775
171 176
897 903
524 530
275 278
672 678
524 530
672 678
672 678
728 733
826 829
874 876
880 882
524 530
524 530
524 530
524 530
171 176
524 530
524 530
524 530
171 176
825 829
524 530
524 530
924 928
524 530
672 678
936 938
897 903
524 530
728 733
524 530
524 530
524 530
524 530
171 176
36 41
524 530
606 611
171 176
524 530
262 267
171 176
788 791
524 530
870 871
171 176
672 678
672 678
825 829
897 903
319 323
524 530
728 733
524 530
524 530
647 651
672 678
897 903
568 571
742 746
742 746
825 829
171 176
524 530
524 530
524 530
524 530
524 530
524 530
606 611
524 530
897 903
524 530
524 530
897 903
825 829
897 903
524 530
171 176
262 267
524 530
675 679
906 907
524 530
825 829
524 530
171 176
806 809
524 530
672 678
171 176
672 678
880 882
524 530
524 530
36 41
524 529
524 530
924 928
672 678
431 435
897 903
524 530
36 41
524 530
672 678
524 530
672 678
524 530
118 120
376 380
