644 645
602 612
862 862
511 528
286 305
511 528
88 103
286 305
914 918
286 305
319 337
893 909
511 528
286 305
893 909
680 694
80 122
780 787
80 122
286 305
409 418
511 528
286 305
511 528
89 122
777 788
511 528
855 861
602 612
812 827
893 909
511 528
893 909
80 122
286 305
931 932
812 827
83 122
80 122
511 528
915 917
893 909
680 694
286 305
646 649
882 889
286 305
721 730
415 427
680 694
227 245
286 305
286 305
511 528
511 528
286 305
286 305
80 122
893 909
893 909
893 909
893 909
286 305
511 528
897 909
933 933
882 889
511 528
286 305
80 122
869 881
777 788
813 827
680 694
628 636
586 597
812 827
837 849
680 694
893 909
319 337
286 305
812 827
511 528
812 827
647 651
80 122
318 337
586 597
793 799
80 122
680 694
758 772
812 827
812 827
286 305
680 694
318 337
511 528
758 772
680 694
30 59
829 842
758 772
286 305
882 889
721 731
318 337
651 663
680 694
682 694
511 528
842 845
511 528
869 881
680 694
893 909
353 369
175 191
456 457
893 909
893 909
144 159
286 305
812 827
914 922
286 305
893 909
910 911
925 931
812 827
869 881
286 305
838 849
812 827
90 122
286 305
703 712
286 305
511 528
759 772
511 528
511 528
812 827
511 528
511 528
804 807
80 122
286 305
511 528
812 827
286 305
369 384
511 528
907 909
511 528
80 122
494 503
758 772
680 694
758 772
286 305
680 694
286 305
587 597
511 528
230 233
680 694
893 909
286 305
812 827
511 528
758 772
20 37
924 927
893 909
871 881
870 881
286 305
680 694
80 122
109 122
286 305
80 122
3 7
511 528
103 122
586 597
286 305
286 305
680 694
353 369
286 305
511 528
812 827
869 875
511 528
721 731
812 827
286 305
511 528
286 305
680 694
511 528
893 909
802 808
227 245
812 827
511 528
680 694
511 528
829 842
318 337
680 694
680 694
511 528
869 881
286 305
286 305
286 305
758 772
511 528
758 772
511 528
511 528
893 909
812 827
651 663
680 694
882 889
914 921
80 122
893 909
869 878
353 367
511 528
80 122
80 122
286 305
318 337
511 528
511 528
511 528
511 528
882 887
286 305
929 930
586 597
511 528
511 528
80 122
812 827
511 528
837 849
925 933
286 305
812 827
353 369
318 337
286 305
812 827
680 694
680 694
680 694
680 694
511 528
511 528
286 305
893 909
286 305
893 909
812 827
812 827
286 305
893 909
411 417
318 337
511 528
906 909
286 305
511 528
876 879
721 731
893 909
511 528
812 827
812 827
522 528
758 772
812 827
680 694
738 744
893 899
869 881
758 770
286 305
511 528
812 827
511 528
829 842
447 455
286 305
511 528
511 528
511 528
651 663
511 528
812 827
445 456
680 694
369 384
812 827
318 337
812 827
680 694
227 245
808 814
586 597
286 305
812 827
286 305
925 932
651 663
511 528
286 305
621 627
511 528
83 119
812 827
917 923
812 827
318 337
893 909
286 305
415 427
651 663
353 369
812 827
812 827
84 122
511 528
286 305
814 818
318 337
812 827
80 122
812 827
812 827
318 337
893 909
680 694
680 694
101 122
286 305
511 528
224 234
511 528
721 731
680 694
318 337
286 305
812 827
80 122
286 305
80 122
286 305
758 772
511 528
604 612
511 528
638 644
286 305
486 493
286 305
511 528
813 827
80 122
812 827
511 528
286 305
680 694
318 337
415 427
893 909
286 305
511 528
286 305
511 528
812 827
318 337
286 305
812 827
829 842
933 933
511 528
680 694
286 305
893 909
621 631
81 122
161 163
374 375
893 909
651 663
286 305
680 694
758 772
511 528
680 694
869 881
916 923
286 305
920 920
812 827
721 731
80 122
511 528
286 305
812 827
80 122
80 122
680 694
286 305
511 528
932 932
511 528
783 789
899 909
812 827
901 909
812 827
864 867
680 694
511 528
80 122
893 909
318 337
286 305
318 337
39 44
680 694
893 909
812 827
511 528
680 694
286 305
286 305
286 305
721 731
812 827
175 191
511 528
286 305
893 909
812 827
80 122
651 663
511 528
80 122
196 203
759 772
175 191
511 528
80 122
532 543
680 694
893 909
680 694
511 528
893 909
445 456
507 519
680 694
893 909
680 694
812 827
80 122
812 827
893 909
286 305
286 305
318 337
336 340
286 305
286 305
286 305
318 337
734 736
812 827
651 663
286 305
80 122
511 528
511 528
511 528
651 663
512 528
680 694
80 122
680 694
796 806
286 305
