32 991
463 628
318 330
567 733
49 952
160 851
35 984
52 978
18 948
496 723
12 990
989 998
593 995
863 908
729 875
45 923
337 415
459 520
427 545
51 998
661 929
483 649
912 923
33 987
155 353
177 290
225 414
505 889
939 956
847 851
249 946
794 845
490 955
516 602
25 981
240 988
300 992
559 954
714 899
579 842
448 533
239 572
362 514
93 187
599 665
924 946
510 740
505 725
895 952
787 899
488 708
445 471
10 966
380 998
512 609
36 972
31 997
811 895
616 885
933 979
67 953
189 303
13 908
681 989
391 882
12 989
251 788
54 1000
997 1000
101 270
91 932
86 658
520 866
68 997
827 967
551 703
889 932
6 496
8 972
578 594
777 975
22 947
20 984
719 778
63 973
207 719
690 968
847 936
971 981
39 205
61 994
72 548
106 687
202 681
7 986
120 350
29 974
60 991
938 970
829 898
938 969
712 900
797 983
448 678
60 969
807 854
680 930
432 642
851 895
597 611
42 957
979 985
688 828
1 953
13 987
43 929
696 739
262 978
25 960
186 849
1 936
47 981
63 131
46 851
31 952
41 687
61 932
8 950
352 416
383 610
32 932
770 800
7 948
403 912
524 815
677 766
716 846
699 921
468 632
660 763
28 979
16 910
615 731
952 983
14 929
43 950
30 946
913 922
731 755
16 984
936 952
892 934
830 992
378 772
688 994
378 567
589 895
787 944
770 957
10 964
669 808
639 926
26 930
573 934
891 892
795 914
743 909
569 733
811 916
37 903
139 268
343 775
16 922
36 968
340 570
251 907
840 991
886 895
20 968
463 906
665 944
146 680
564 880
270 364
995 998
74 288
927 974
720 808
275 698
969 994
86 928
603 986
86 537
370 425
397 790
23 912
53 990
468 717
926 933
64 973
901 985
248 298
700 700
951 953
527 845
16 988
711 891
942 952
3 931
767 936
840 912
555 814
6 199
29 963
12 462
52 927
7 751
40 946
36 935
1 968
611 921
540 872
922 964
39 968
196 501
958 996
203 934
51 996
5 150
597 744
720 915
409 436
5 999
218 971
54 971
27 976
91 246
354 851
2 997
404 938
35 979
30 930
38 881
24 938
21 196
505 567
734 986
456 487
771 950
23 952
913 935
64 970
624 796
624 784
393 510
28 943
510 999
39 940
970 977
38 988
793 941
965 970
489 639
465 774
45 973
64 188
79 924
88 929
52 943
275 638
74 979
353 608
13 929
997 998
12 998
553 780
18 935
326 786
913 934
245 998
644 772
114 951
103 603
481 541
301 470
425 490
496 882
317 335
812 904
13 995
386 823
807 868
27 972
50 962
751 857
256 839
38 948
340 986
387 758
610 882
3 937
17 961
583 614
762 833
876 919
731 831
33 975
181 828
90 989
34 953
94 130
860 936
342 957
612 791
55 967
364 747
867 915
24 967
79 926
113 562
63 946
487 980
68 944
925 946
46 942
313 817
69 995
54 954
210 650
51 953
620 737
6 982
762 913
1 961
31 995
71 973
53 943
60 928
42 986
74 973
250 533
552 817
18 970
173 594
864 986
897 992
396 884
875 988
822 900
38 914
661 710
167 314
630 670
166 290
946 969
863 997
17 952
63 938
46 978
323 988
785 981
391 618
206 886
31 959
28 860
51 977
278 801
55 975
16 972
477 889
961 971
55 946
424 726
98 546
161 625
983 988
855 962
513 574
40 919
405 642
38 637
32 979
436 919
130 809
74 998
325 626
8 957
847 928
28 948
61 975
145 327
225 455
18 927
65 969
7 945
8 937
73 992
923 978
896 941
34 964
441 700
42 979
30 986
15 990
72 947
66 973
28 671
75 987
42 281
965 968
454 636
853 970
119 257
46 945
93 996
991 996
830 863
464 530
349 454
54 958
37 452
763 844
547 738
538 896
59 963
27 944
288 378
288 455
976 988
897 939
377 495
114 980
66 903
443 780
155 650
7 973
29 996
373 893
77 951
709 771
742 857
51 963
291 941
412 780
195 686
635 660
39 947
490 566
46 992
216 338
429 524
571 617
40 995
12 953
863 883
141 989
36 951
811 949
387 550
164 544
882 918
318 828
614 964
981 1000
16 959
39 966
48 951
376 798
502 753
32 632
72 971
199 575
574 733
193 544
723 975
29 984
907 928
977 998
77 949
481 838
970 984
582 768
724 926
1 934
16 953
46 985
29 980
11 974
754 828
262 373
54 962
86 961
22 999
42 932
320 612
453 928
111 850
36 963
380 987
64 976
64 963
63 931
40 985
88 743
808 957
593 979
751 892
13 993
781 843
43 971
785 931
68 966
215 244
61 986
325 917
1 415
507 656
25 948
284 381
45 684
40 932
538 796
947 968
26 986
71 956
866 921
121 557
635 677
782 999
590 773
16 952
33 963
19 937
288 619
110 750
54 980
167 795
954 978
774 933
135 809
39 952
781 915
68 807
856 994
157 578
695 795
72 948
855 938
8 338
911 933
32 968
611 753
52 707
983 985
412 751
496 862
324 565
518 714
48 974
21 1000
18 921
405 726
878 919
46 931
569 813
175 603
430 671
87 729
7 941
68 991
50 951
913 995
270 626
61 964
355 744
520 617
39 970
430 971
259 302
382 510
270 838
495 590
998 1000
621 972
525 777
33 964
21 988
404 543
335 747
470 690
60 988
441 474
478 735
51 972
485 521
607 755
37 974
863 996
22 126
494 1000
574 875
588 807
40 937
885 912
455 928
498 656
417 996
88 904
120 346
375 999
176 928
360 485
786 802
567 905
783 914
394 742
641 712
54 939
186 985
1 991
152 344
894 924
686 882
992 994
634 999
157 898
40 921
146 394
346 449
224 742
273 550
361 875
538 579
17 932
74 990
565 671
282 853
90 975
708 987
244 594
443 992
40 958
12 994
985 997
365 463
1000 1000
164 858
490 501
77 927
21 945
803 901
603 975
243 660
116 267
335 590
1 984
743 757
31 981
57 975
195 402
34 927
82 716
110 680
664 738
78 987
47 946
458 536
91 987
409 975
38 964
66 979
720 766
453 621
785 908
43 976
747 985
801 901
876 964
584 829
587 897
45 61
73 935
35 968
436 835
273 521
232 759
70 534
71 991
48 965
50 970
9 936
437 827
215 228
704 737
5 964
741 921
485 489
655 945
1 939
29 964
703 978
905 978
37 940
688 839
16 986
514 696
739 986
34 967
1 983
97 927
16 964
2 974
682 804
60 946
809 985
695 726
278 731
6 847
95 308
753 991
603 731
204 512
759 891
485 569
414 958
221 804
670 946
20 986
788 867
302 995
50 933
395 829
63 968
57 985
179 203
20 973
990 995
34 925
403 564
16 949
80 989
37 923
67 947
4 957
58 984
126 192
542 673
120 673
780 833
54 924
400 425
447 863
3 959
8 971
734 825
600 606
213 223
60 724
311 773
282 411
671 907
917 973
720 870
977 995
44 992
725 790
5 924
309 612
8 976
708 804
779 973
14 998
16 943
206 757
596 712
752 771
166 407
34 483
510 773
112 414
61 96
757 951
255 963
773 875
594 703
594 889
50 999
363 569
943 990
753 852
19 756
65 917
30 981
686 739
25 984
408 844
713 886
853 856
952 974
57 951
320 815
23 955
38 969
30 964
48 979
214 678
878 946
70 970
77 979
300 608
382 988
83 973
293 915
42 975
185 228
24 227
712 799
20 994
21 905
6 965
659 981
841 887
408 696
45 982
818 886
96 964
730 733
708 849
345 761
960 966
91 299
424 437
81 986
762 925
893 950
215 424
483 865
504 625
110 260
55 970
267 723
137 668
82 987
27 986
927 942
462 855
79 935
863 968
12 920
809 909
486 925
907 927
492 679
185 647
88 970
30 980
682 930
717 826
50 965
95 770
400 431
903 987
38 321
18 956
114 971
158 863
395 648
441 504
2 998
31 994
6 988
404 446
40 929
964 984
28 964
353 903
39 967
982 986
344 941
353 797
47 988
844 903
160 890
42 943
51 960
65 978
44 981
245 631
44 912
164 579
17 937
351 761
140 741
827 925
527 630
750 937
29 977
206 486
962 971
203 279
37 960
824 831
384 892
60 930
844 973
163 538
60 1000
66 932
694 998
703 727
24 932
828 999
614 848
776 861
53 957
26 526
342 554
862 967
27 934
364 535
850 922
84 449
76 949
1 976
16 980
828 867
586 821
2 941
73 949
91 827
842 989
57 945
68 976
15 927
703 704
736 937
679 720
23 928
112 214
517 843
391 709
865 899
546 724
66 919
542 938
230 966
89 951
596 940
2 981
64 971
892 983
727 838
972 989
47 983
31 983
316 992
693 765
761 970
54 951
743 997
772 970
857 857
51 948
689 728
346 530
83 943
58 300
191 449
235 734
359 950
44 967
20 969
300 564
658 759
315 676
470 971
207 643
843 972
76 984
14 182
57 967
6 983
163 781
600 806
5 965
646 778
9 977
315 851
829 856
29 972
26 979
526 614
94 892
37 919
80 973
455 474
749 764
118 340
308 427
499 653
