930 945
824 833
930 945
485 493
308 316
240 248
930 945
308 316
460 468
824 833
930 945
930 940
824 833
27 35
824 833
824 833
824 833
930 945
240 248
824 833
930 945
712 719
869 872
240 248
824 833
930 945
320 325
972 978
994 996
240 248
742 747
824 833
889 897
824 833
308 316
930 945
824 833
930 945
460 468
930 945
240 248
824 833
930 945
460 465
626 633
724 727
930 945
460 468
930 945
930 945
982 983
930 945
930 945
460 468
460 468
824 833
930 945
824 833
930 945
460 468
930 945
930 945
369 373
934 945
240 248
889 898
308 316
930 945
824 833
240 248
240 248
846 849
240 248
930 945
824 833
460 468
485 493
824 833
626 633
930 945
240 248
930 945
824 833
975 976
930 945
824 833
824 833
930 945
460 468
240 248
289 295
899 901
930 945
626 633
240 248
308 316
930 945
158 163
930 945
930 945
930 945
824 833
930 945
824 833
930 945
240 248
930 945
824 833
824 833
824 833
824 833
930 945
824 833
824 833
240 248
157 163
930 945
930 945
930 945
824 833
824 833
308 316
930 945
930 945
930 945
824 833
958 964
308 316
831 833
308 316
677 680
930 945
824 833
824 833
930 945
930 945
240 248
626 633
930 945
824 833
308 316
523 529
626 633
240 248
930 945
930 945
930 945
824 833
837 839
812 818
781 788
240 248
930 945
930 945
930 945
824 833
930 945
930 945
460 468
824 833
824 833
240 248
626 633
824 833
930 945
930 942
930 945
460 468
712 719
930 945
930 945
240 248
824 833
240 248
998 998
930 945
930 945
930 945
930 944
930 945
930 945
930 945
930 945
930 945
712 719
824 833
824 833
930 945
930 945
824 833
930 945
930 945
460 468
240 248
824 833
930 945
824 833
485 493
930 945
626 633
824 833
240 248
894 898
626 633
824 833
824 833
930 945
824 833
240 248
930 945
930 940
460 468
824 833
930 945
752 755
240 248
824 833
240 248
930 945
824 833
824 833
824 833
240 248
626 633
889 898
308 316
824 833
636 641
824 833
930 945
920 924
824 833
240 248
930 945
485 493
930 945
308 316
930 945
824 833
824 833
930 945
824 833
460 468
824 833
308 316
824 833
930 945
930 945
240 248
27 35
460 468
828 833
712 719
523 529
930 945
930 945
912 915
930 945
626 633
824 833
626 633
824 833
930 945
824 833
240 248
930 945
626 633
240 248
240 248
240 248
824 833
930 945
930 943
930 945
626 633
930 945
27 35
930 945
930 945
820 824
999 999
460 468
626 633
930 945
930 945
460 468
781 788
10 18
979 981
240 248
240 248
240 248
10 18
930 945
930 945
485 493
824 833
930 945
930 945
958 959
930 945
240 248
240 248
930 945
930 945
930 945
930 945
824 833
974 978
824 833
972 978
523 529
930 945
930 945
930 945
670 674
930 945
460 468
824 833
930 942
157 163
930 945
240 248
824 833
536 539
824 833
930 945
309 316
930 945
930 945
930 945
930 945
742 747
930 945
433 438
240 248
712 719
930 945
824 833
157 163
626 633
930 945
308 316
930 945
930 945
930 945
930 945
626 633
124 128
930 941
930 945
824 833
460 468
824 833
240 248
930 945
930 945
930 945
460 468
712 719
712 719
930 945
824 833
460 468
824 833
930 945
930 943
968 968
984 986
240 248
889 898
240 248
930 945
930 945
626 633
930 945
930 940
930 945
240 248
930 945
930 945
930 945
240 248
979 983
930 940
824 833
930 945
567 573
782 788
250 254
824 833
930 945
781 788
930 945
930 945
824 833
930 945
626 633
930 945
824 833
240 248
930 945
240 248
930 945
824 833
240 248
824 833
930 945
626 633
930 945
930 945
824 833
824 833
240 248
930 945
523 529
27 35
824 833
308 316
308 316
626 633
58 62
930 945
460 468
812 818
73 78
240 248
889 898
930 945
824 833
930 945
626 633
930 945
930 945
930 945
824 833
626 633
930 945
930 945
930 940
824 833
424 427
930 945
824 833
930 945
240 248
930 945
930 945
27 35
930 945
824 833
824 833
636 641
930 945
824 833
626 633
626 633
930 945
930 945
308 316
240 248
972 978
930 945
930 945
240 248
824 833
473 478
930 945
930 945
930 945
930 945
930 945
824 833
930 945
824 833
930 945
930 945
485 493
862 868
930 945
824 833
824 833
460 468
308 316
930 945
626 633
824 833
936 945
930 945
73 78
626 633
930 945
930 945
930 945
930 945
824 833
930 945
824 833
712 719
240 248
594 599
308 316
433 438
824 833
626 633
930 945
930 945
930 945
824 833
930 945
824 833
308 316
824 833
930 945
240 248
972 978
485 493
930 945
240 248
460 468
824 833
930 940
824 833
824 833
240 248
930 945
930 945
824 833
930 945
930 945
824 833
824 833
824 833
240 248
308 316
930 945
523 529
930 945
930 945
460 468
460 468
460 468
240 248
930 945
889 898
930 945
240 248
930 945
308 316
930 933
240 248
460 468
930 945
240 248
930 945
930 945
240 248
930 945
930 945
626 633
930 945
930 945
930 940
240 248
240 248
930 945
930 945
460 468
308 316
308 316
958 964
930 943
930 945
930 945
824 833
824 833
930 942
626 633
930 945
240 248
308 316
930 945
824 833
930 945
240 248
183 188
824 833
240 248
240 248
930 945
930 945
240 248
626 633
930 945
930 945
930 945
930 945
824 833
930 945
930 945
433 438
308 316
824 833
240 248
824 833
824 833
930 945
889 896
240 248
460 468
240 248
930 945
862 868
930 945
846 849
80 85
824 833
712 719
460 468
308 316
930 945
972 974
567 573
460 468
433 438
930 945
824 833
930 945
626 633
27 35
460 468
930 945
460 468
824 833
240 248
240 248
824 833
930 945
930 945
824 833
930 945
930 945
308 316
308 316
973 978
824 833
308 316
626 633
930 945
930 945
930 945
781 788
930 945
240 248
889 898
157 163
824 833
930 945
824 833
930 940
930 945
930 945
930 945
930 945
930 945
240 248
626 633
460 468
930 945
240 248
930 945
460 468
460 468
930 945
240 248
930 945
626 633
240 248
930 941
930 945
930 945
824 833
862 868
240 248
485 493
460 468
157 163
930 945
240 248
930 945
824 833
930 945
930 945
958 964
27 35
958 964
240 248
930 945
930 945
460 468
889 898
930 945
930 945
460 468
930 945
626 633
460 468
930 945
824 833
460 468
626 633
460 468
240 248
930 945
930 945
930 945
383 383
930 945
240 248
930 940
930 945
930 945
930 945
889 898
930 945
670 674
824 833
460 468
824 833
240 248
930 945
930 945
824 833
240 248
240 248
930 945
930 945
626 633
930 945
930 945
626 633
930 945
930 945
824 833
930 945
460 468
240 248
930 945
824 833
824 833
994 997
460 468
930 945
240 248
594 599
460 468
613 618
712 719
240 248
930 945
930 945
930 945
930 945
930 945
930 945
930 945
930 945
930 945
930 940
930 945
824 833
240 248
930 945
824 833
824 833
824 833
308 316
460 468
183 188
240 248
626 633
930 945
930 945
485 493
824 833
712 719
930 945
308 316
930 945
930 941
837 839
930 945
930 945
824 833
712 719
930 945
626 633
930 945
862 868
308 316
930 945
460 468
523 529
240 248
930 945
824 833
930 945
712 719
824 833
930 945
240 248
930 945
930 945
889 898
240 248
308 316
460 468
930 945
626 633
594 599
930 945
930 945
824 833
203 207
930 945
930 945
930 945
930 945
240 248
824 833
930 945
460 468
930 945
308 316
781 788
320 325
930 945
958 964
930 945
824 833
308 316
824 833
712 719
912 916
240 248
824 833
930 945
308 316
157 163
240 248
930 945
712 719
930 945
930 940
460 468
626 633
508 510
460 468
930 945
930 945
930 945
930 945
240 248
240 248
930 945
930 943
824 833
460 468
523 529
308 316
824 833
930 945
930 945
824 833
930 944
930 945
240 248
626 633
240 248
930 945
979 983
994 994
626 633
73 78
157 163
972 976
930 945
930 945
771 773
824 833
626 633
308 316
240 248
824 833
354 358
824 833
930 945
930 945
824 833
824 833
626 633
930 945
930 945
240 248
460 468
626 633
240 248
1000 1000
824 833
930 945
824 833
930 945
824 833
889 898
930 945
930 945
930 945
240 248
930 940
930 945
930 945
460 468
824 833
930 935
930 945
930 945
930 945
930 945
485 493
567 573
824 833
240 248
771 773
930 945
308 316
930 945
930 945
930 945
824 833
930 945
460 468
930 945
240 248
626 633
626 633
240 248
460 468
889 897
930 945
930 945
824 833
240 248
824 833
567 573
824 833
893 898
460 468
824 833
930 945
824 833
930 945
485 493
930 945
824 833
958 964
240 248
930 945
930 945
824 833
240 248
930 945
824 833
930 945
460 468
824 833
712 719
240 248
930 945
781 788
930 945
240 248
986 987
930 945
972 978
930 945
930 945
824 833
824 833
930 945
485 493
889 898
824 833
972 978
308 316
433 438
824 833
240 248
930 945
930 944
930 945
