859 865
729 732
395 400
975 978
395 400
859 865
395 400
395 400
397 400
968 970
859 865
859 865
859 865
97 99
859 865
859 865
542 545
859 865
256 260
729 732
859 865
859 865
256 260
42 47
859 865
975 978
526 529
929 929
247 250
647 650
42 47
859 865
395 400
859 865
859 865
42 47
42 47
929 933
526 529
859 865
159 162
968 970
395 400
975 978
859 865
859 865
975 978
859 865
859 865
422 424
859 865
859 865
859 865
656 659
526 529
579 581
526 529
256 260
859 865
256 260
877 881
395 400
859 865
859 865
42 47
526 529
859 865
460 462
859 865
395 400
526 529
254 255
859 865
992 992
991 991
859 865
859 865
395 400
859 865
859 865
975 977
395 400
859 865
859 865
395 400
395 400
579 581
579 581
889 891
859 865
859 865
460 462
859 865
395 400
859 865
766 769
395 400
859 865
395 400
859 865
729 732
42 47
256 260
395 400
929 933
859 865
647 650
859 865
395 400
526 529
395 400
436 438
859 865
318 320
859 865
859 865
395 400
859 865
859 865
859 865
766 769
395 400
975 978
859 865
982 983
859 865
729 732
859 865
859 865
395 400
395 400
859 865
395 400
526 529
647 650
859 865
929 933
859 865
97 99
860 865
42 47
859 865
647 650
859 865
395 400
877 881
395 400
372 372
986 988
859 865
859 865
859 865
395 400
395 400
859 865
747 750
859 865
859 865
395 400
395 400
859 865
647 650
859 865
859 865
506 506
272 276
395 400
395 400
859 865
859 865
859 865
256 260
859 865
395 400
859 865
395 400
647 650
256 260
859 865
859 865
929 933
929 933
859 865
929 933
443 445
859 865
395 400
859 865
256 260
954 955
877 881
395 400
395 400
729 732
395 400
395 400
859 865
859 865
395 400
859 865
859 865
42 47
859 865
395 400
859 865
256 260
859 865
859 865
272 276
929 933
256 260
859 865
526 529
395 400
395 400
986 988
859 865
526 529
395 400
406 409
42 47
395 400
859 865
859 865
859 865
975 978
446 447
395 400
859 865
395 400
929 933
859 865
859 865
859 865
859 865
729 732
859 865
460 462
42 47
395 400
859 865
859 865
929 933
929 933
859 865
526 529
859 865
747 750
395 400
42 47
859 865
859 865
859 865
42 47
859 865
859 865
859 865
526 529
859 865
142 145
859 865
877 881
975 978
526 529
859 865
859 865
174 177
859 865
920 920
859 865
729 732
395 400
395 400
395 400
932 933
395 400
395 400
395 400
859 865
526 529
395 400
859 865
859 865
395 400
678 680
859 865
929 933
859 865
984 984
859 865
859 865
395 400
395 400
859 865
526 529
395 400
647 650
526 529
395 400
256 260
859 865
805 808
859 865
142 145
859 865
256 260
859 865
859 865
406 409
859 865
526 529
805 808
975 978
975 978
526 529
859 865
395 400
395 400
647 650
582 584
647 650
929 933
989 989
579 581
395 400
859 865
395 400
647 650
395 400
859 865
859 865
910 912
986 988
859 865
395 400
729 732
859 865
526 529
733 735
16 19
395 400
805 808
647 650
721 722
859 865
395 400
859 865
766 769
859 865
395 400
395 400
859 865
395 400
395 400
859 865
395 400
859 865
859 865
859 865
859 865
526 529
805 808
256 260
859 865
395 400
859 865
859 865
859 865
526 529
859 865
859 865
859 865
859 865
859 865
42 47
859 865
526 529
431 431
929 933
395 400
395 400
365 368
395 400
397 400
859 865
647 650
397 400
859 865
395 400
395 400
877 881
395 400
647 650
859 865
647 650
526 529
859 865
526 529
395 400
859 865
859 865
859 865
975 978
859 865
395 400
859 865
395 400
859 865
859 865
395 400
729 732
859 865
395 400
859 865
859 865
859 865
647 650
395 400
983 983
526 529
526 529
395 400
526 529
929 933
729 732
859 865
247 250
647 650
859 865
395 400
443 445
647 650
395 400
526 529
395 400
256 260
256 260
986 987
859 865
729 732
929 933
395 400
859 865
395 400
526 529
395 400
859 865
968 970
395 400
395 400
859 865
395 400
877 881
929 933
542 545
579 581
859 865
859 865
406 409
395 400
526 529
859 865
859 865
859 865
526 529
859 865
968 970
395 400
449 451
859 865
672 672
859 865
729 732
542 545
859 865
859 865
526 529
859 865
975 978
395 400
859 865
859 865
395 400
791 793
859 865
859 865
395 400
647 650
859 865
395 400
982 983
859 865
955 955
859 865
395 400
859 865
859 865
526 529
42 47
256 260
256 260
395 400
395 400
395 400
859 865
542 545
256 260
256 260
859 865
859 865
647 650
859 865
647 650
859 865
395 400
859 865
859 865
395 400
859 865
395 400
1000 1000
395 400
492 493
395 400
766 769
395 400
526 529
943 944
859 865
859 865
655 655
859 865
59 62
526 529
42 47
929 933
395 400
395 400
395 400
395 400
729 732
859 865
395 400
395 400
159 162
935 936
943 944
142 145
975 978
859 865
729 732
526 529
859 865
859 865
859 865
859 865
877 881
647 650
859 865
45 47
975 978
142 145
395 400
395 400
526 529
542 545
791 793
395 400
859 865
859 865
859 865
526 529
395 400
859 865
859 865
256 260
395 400
395 400
859 865
859 865
42 47
859 865
859 865
859 865
291 293
395 400
729 732
859 865
526 529
859 865
859 865
859 865
859 865
395 400
608 610
42 47
859 865
395 400
395 400
859 865
696 697
395 400
42 47
256 260
859 865
647 650
395 400
859 865
526 529
859 865
395 400
859 865
929 933
747 750
859 865
993 993
859 865
647 650
859 865
395 400
859 865
195 197
859 865
990 990
747 750
859 865
395 400
859 865
859 865
395 400
42 47
859 865
859 865
859 865
859 865
859 865
395 400
805 808
395 400
406 409
859 863
973 973
256 260
395 400
526 529
647 650
859 865
859 865
395 400
859 865
859 865
929 933
859 865
986 988
395 400
929 933
256 260
83 86
526 529
859 865
859 865
859 865
395 400
859 865
859 865
395 400
647 650
766 769
395 400
42 47
526 529
395 400
83 86
859 865
859 865
859 865
647 650
859 865
859 865
395 400
975 978
766 769
42 47
395 400
859 865
729 732
859 865
526 529
859 865
854 855
968 970
859 865
395 400
859 865
877 881
526 529
395 400
395 400
859 865
395 400
929 933
859 865
507 509
975 978
996 996
729 732
859 865
859 865
859 865
395 400
859 863
395 400
859 865
395 400
891 891
256 260
859 865
859 865
859 865
859 865
42 47
395 400
859 865
859 865
730 732
729 732
395 400
960 960
256 260
427 428
859 865
859 865
929 933
395 400
859 865
526 529
256 260
859 865
526 529
647 650
859 865
805 808
859 865
859 865
859 865
656 659
859 865
526 529
877 881
42 47
859 865
859 865
910 912
526 529
395 400
859 865
859 865
859 865
729 732
859 865
395 400
406 409
929 933
42 47
526 529
859 865
859 865
395 400
443 445
859 865
935 936
929 933
395 400
729 732
859 865
859 865
395 400
729 732
256 260
929 932
982 983
859 865
395 400
975 978
859 865
859 865
859 865
262 265
729 732
256 260
859 865
647 650
859 865
859 865
395 400
42 47
859 865
859 865
859 865
542 545
859 865
395 400
859 865
395 400
395 400
256 260
859 865
859 865
832 834
877 881
859 865
859 865
999 999
805 808
859 865
929 933
395 400
859 865
526 529
395 400
395 400
42 47
395 400
877 881
859 865
395 400
859 865
395 400
859 865
195 197
859 865
859 865
395 400
647 650
42 47
859 865
395 400
395 400
859 865
859 865
859 865
647 650
159 162
395 400
859 865
142 145
395 400
859 865
859 865
526 529
395 400
395 400
729 732
859 865
955 955
975 978
859 865
859 865
729 732
859 865
526 529
859 865
395 400
859 865
526 529
859 865
988 988
395 400
877 881
805 808
859 865
859 865
859 865
859 865
526 529
395 400
879 881
579 581
929 933
395 400
995 995
256 260
859 865
395 400
859 865
395 400
395 400
859 865
975 978
647 650
832 835
877 881
862 863
395 400
729 732
859 865
395 400
647 650
859 865
647 650
867 869
729 732
859 865
256 260
859 865
859 865
859 865
647 650
256 260
83 86
859 865
859 865
42 47
395 400
395 400
526 529
395 400
859 865
395 400
859 865
656 659
395 400
42 47
526 529
395 400
395 400
647 650
395 400
859 865
975 978
859 865
395 400
930 933
395 400
42 47
859 865
929 933
877 881
929 933
859 865
542 545
395 400
542 545
661 663
486 487
406 409
443 445
395 400
406 409
859 865
915 915
831 831
42 47
859 865
561 561
859 865
526 529
859 865
859 865
526 529
365 368
526 529
859 865
647 650
395 400
395 400
805 808
395 400
859 865
929 931
859 865
395 400
859 865
526 529
142 145
859 865
859 865
678 680
859 865
395 400
859 865
859 865
975 978
395 400
647 650
395 400
975 978
986 988
395 400
395 400
256 260
975 978
395 400
877 881
859 865
395 400
395 400
986 988
859 865
395 400
