955 959
470 601
697 805
816 994
674 826
674 826
674 826
674 826
198 328
674 826
674 826
814 890
533 682
674 826
37 142
674 826
533 682
766 788
816 990
674 826
832 845
590 635
470 601
470 601
901 961
533 682
720 827
674 826
930 995
674 826
816 981
674 826
533 682
674 826
816 926
906 908
674 826
932 937
470 601
674 826
674 826
816 972
971 972
674 826
816 979
674 826
816 966
674 826
816 984
816 995
766 805
369 476
990 998
533 682
325 441
929 967
674 826
674 826
816 982
816 989
674 826
674 826
674 826
674 825
674 826
674 826
198 328
816 981
674 826
816 981
816 990
674 826
674 826
533 682
533 682
674 826
816 996
674 825
533 682
674 826
110 166
816 999
674 826
544 603
533 682
674 826
150 188
674 826
533 682
816 995
674 826
674 826
674 826
674 826
816 970
674 826
533 682
674 826
180 193
816 983
288 335
816 969
674 826
674 826
325 441
674 826
674 826
674 826
674 826
19 68
674 826
674 826
198 328
587 592
992 994
344 418
732 827
867 922
681 744
674 826
979 985
978 998
674 826
516 522
674 826
674 786
674 826
896 982
674 826
816 992
674 826
447 513
674 826
674 826
674 826
674 826
818 825
896 933
369 432
674 826
674 826
816 995
978 985
816 997
674 826
814 873
816 991
674 826
198 328
925 957
674 826
674 826
816 994
674 826
816 947
674 826
532 613
198 328
674 826
904 911
674 826
534 683
674 826
599 684
674 826
816 972
533 682
816 969
816 970
816 980
674 826
814 886
674 826
674 826
325 372
154 226
816 982
816 995
674 826
674 826
674 826
674 826
674 826
198 328
674 826
674 826
816 975
674 826
198 328
674 826
674 804
433 527
198 328
674 826
674 826
674 826
325 441
674 826
674 826
674 826
674 826
674 826
533 682
394 476
678 826
558 684
674 826
198 328
674 826
674 826
674 826
674 826
674 826
816 984
674 826
848 877
470 601
674 826
674 826
524 526
674 826
674 826
816 990
674 826
816 989
908 913
766 768
674 826
674 826
674 826
372 412
657 704
674 826
816 935
674 826
674 826
198 328
833 894
674 826
816 959
816 998
674 826
674 826
475 601
816 990
674 826
674 826
674 826
703 827
674 826
816 989
920 976
674 826
41 157
674 826
816 977
674 826
826 841
840 974
816 993
674 826
674 826
674 826
674 826
37 157
967 997
816 972
674 826
533 682
533 682
674 826
479 601
949 996
674 826
980 983
674 826
532 672
198 328
816 974
90 126
945 964
214 335
638 656
674 826
674 826
816 979
816 976
259 297
674 826
674 826
674 826
674 826
933 939
674 826
825 826
674 826
674 826
674 826
44 157
816 986
674 826
790 805
533 682
720 827
674 826
674 826
674 826
674 826
816 1000
816 996
134 163
674 826
694 827
674 826
674 826
674 826
37 157
674 826
533 682
674 815
674 763
901 979
526 657
841 898
381 476
826 907
674 826
674 826
674 826
453 468
771 821
222 335
882 896
816 993
816 983
674 826
198 328
198 328
995 996
674 826
816 996
674 826
829 929
674 826
674 826
574 669
198 328
674 826
816 986
674 826
674 826
816 980
816 976
674 826
674 826
676 678
995 997
674 826
903 976
674 826
674 816
674 826
816 996
533 682
942 959
913 988
556 684
747 827
97 162
533 682
704 827
674 826
579 684
526 665
198 328
198 328
693 763
674 826
150 227
674 826
816 979
674 826
831 901
674 826
674 826
674 826
890 908
391 437
674 826
674 826
816 991
701 778
674 826
674 826
155 227
816 984
936 952
325 441
598 684
674 826
674 826
674 826
674 826
533 682
674 826
895 925
434 545
732 827
674 826
991 995
999 1000
816 974
674 826
192 320
816 998
533 682
583 684
279 280
674 826
817 985
533 682
674 826
816 987
674 826
674 826
674 826
674 826
938 988
830 904
674 826
674 826
533 682
909 996
674 826
44 153
652 653
674 826
674 826
674 826
533 682
533 682
674 826
816 996
431 490
784 814
470 593
761 785
908 908
674 826
526 644
674 826
674 826
715 719
674 826
1 73
816 982
674 826
674 826
674 826
75 98
674 826
198 328
884 920
674 826
674 826
674 826
674 826
674 826
979 995
546 642
816 990
674 826
674 826
816 997
674 826
557 684
674 826
674 826
674 826
674 826
606 641
816 972
674 826
674 826
202 328
674 826
816 995
577 609
674 826
533 682
674 826
957 983
816 994
770 827
674 826
674 826
856 922
695 827
769 770
674 826
674 826
816 981
674 826
674 826
816 995
674 826
674 826
674 826
818 846
674 826
816 970
533 682
674 826
533 682
674 826
693 779
674 826
674 826
674 826
674 826
674 826
674 826
532 671
533 682
674 826
674 826
373 448
930 931
674 826
674 826
674 826
816 991
816 983
816 980
198 328
674 826
210 335
674 826
674 826
674 826
674 826
956 981
674 826
674 826
674 826
532 674
931 956
674 826
533 682
674 826
674 826
533 682
37 157
608 684
983 992
674 826
674 826
912 957
816 983
674 826
199 276
674 826
679 826
644 680
470 583
674 826
674 826
674 826
674 826
674 766
674 826
674 826
674 826
674 826
674 826
816 982
325 441
674 826
382 474
674 826
674 826
674 826
674 826
887 964
674 826
674 826
203 224
674 826
37 157
674 826
901 997
674 826
674 826
95 174
674 826
594 643
674 826
674 826
674 826
533 682
674 826
674 826
674 826
816 983
674 789
931 986
816 991
674 826
40 81
816 991
538 684
198 328
816 990
816 971
816 972
674 826
198 328
674 826
674 826
618 684
674 826
674 826
674 826
533 682
198 328
816 996
674 826
460 465
674 826
674 826
674 826
731 827
674 826
533 682
674 826
273 311
533 682
198 328
674 826
198 328
873 944
674 826
863 938
674 826
674 826
674 826
816 974
935 935
533 682
816 975
674 826
674 826
814 873
674 826
674 826
198 328
816 994
674 826
674 826
674 826
674 826
674 826
973 973
674 826
674 826
816 998
816 999
674 826
816 976
816 978
812 841
674 826
674 826
470 601
674 826
674 826
150 227
325 441
674 826
872 908
325 394
674 826
816 993
660 735
674 826
919 929
674 826
674 826
851 953
816 982
674 826
735 827
674 826
674 826
674 826
816 930
674 755
674 826
674 826
533 682
533 678
328 432
526 664
761 826
674 826
917 957
674 826
881 939
674 826
674 826
674 826
674 826
533 682
674 826
674 826
687 808
674 826
674 826
674 826
816 982
674 826
674 826
674 826
757 765
862 952
526 657
674 826
533 682
674 826
431 501
674 826
816 973
674 826
674 826
674 826
674 826
674 826
816 995
674 826
674 819
674 826
533 682
816 973
816 989
674 826
674 826
354 432
816 971
674 826
674 826
674 826
476 601
674 826
674 824
965 996
674 826
533 682
680 826
816 987
674 792
674 826
674 826
674 826
674 826
784 836
325 409
674 826
674 826
816 983
224 275
674 826
674 826
674 826
674 826
674 826
816 980
674 826
674 826
533 682
674 826
864 973
533 682
816 984
674 826
674 826
674 826
986 991
674 826
533 682
814 911
646 687
533 682
816 984
674 826
856 931
674 826
399 425
674 826
837 930
674 826
533 682
674 826
674 826
674 826
94 156
674 826
816 983
674 826
674 826
674 826
674 826
325 436
702 726
674 826
674 826
674 826
816 999
816 989
816 982
674 826
533 682
674 826
325 441
674 826
674 826
533 682
674 826
434 545
674 826
814 856
470 599
814 883
816 976
674 826
674 826
674 826
838 899
674 826
934 992
674 826
674 826
1000 1000
532 674
747 827
674 826
999 999
674 826
674 826
533 682
533 682
330 441
533 682
816 969
816 976
260 283
674 826
935 949
674 826
674 826
816 985
936 980
895 986
674 826
816 996
674 826
961 964
533 682
674 826
470 601
674 826
198 328
816 977
674 826
674 826
674 826
210 335
533 682
674 826
674 826
816 992
674 826
648 711
674 826
674 826
674 826
674 826
674 762
674 826
674 826
674 826
674 826
674 826
198 328
470 601
325 436
674 826
674 826
674 826
674 826
674 826
674 826
674 826
674 826
674 826
891 930
674 826
674 826
533 682
433 516
198 328
745 745
816 972
816 971
674 826
274 335
674 826
674 826
674 826
816 993
674 826
816 999
674 771
674 826
674 826
674 826
674 826
674 826
533 682
816 976
674 826
674 826
937 986
572 684
674 826
198 328
660 722
533 682
198 328
674 826
814 888
674 826
674 826
674 826
192 313
816 991
674 826
674 826
674 826
674 826
674 826
198 328
674 826
816 972
198 328
674 826
484 601
816 973
674 774
816 973
816 958
674 826
674 826
674 826
674 826
674 826
674 826
674 826
674 826
674 826
674 826
224 264
674 826
674 826
595 663
816 1000
674 826
674 826
361 405
852 898
674 826
575 646
816 969
198 328
533 682
377 404
660 735
660 735
674 826
674 826
814 905
470 601
325 441
935 967
933 1000
674 826
604 638
674 826
816 931
674 826
674 826
