639 642
73 83
669 672
465 468
845 848
845 848
280 284
959 961
919 922
845 848
381 384
959 961
465 468
919 922
959 961
90 96
381 384
465 468
39 53
973 973
845 848
577 580
788 790
280 284
123 129
577 580
938 938
488 491
577 580
577 580
123 129
919 922
845 848
280 284
81 90
381 384
577 580
959 960
73 83
280 284
701 703
11 25
959 961
280 284
465 468
845 848
577 579
465 468
280 284
577 580
48 59
465 468
577 580
280 284
845 848
488 491
845 848
639 642
577 580
669 672
465 468
639 642
577 580
280 284
341 344
52 63
639 642
845 848
280 284
919 922
577 580
639 642
845 848
845 848
845 848
639 642
845 848
341 344
959 961
577 580
341 344
996 996
465 468
381 384
465 468
919 922
845 848
980 982
639 642
280 284
280 284
280 284
280 284
577 580
845 848
465 468
465 468
280 284
381 384
465 468
639 642
845 848
465 468
577 580
488 491
73 83
639 642
381 384
105 111
845 848
381 384
280 284
959 961
465 468
845 848
919 922
105 111
465 468
919 922
341 344
39 53
280 284
919 922
39 53
123 129
280 284
577 580
280 284
845 848
341 344
287 291
854 855
577 580
845 848
832 833
845 848
701 703
504 506
280 284
669 671
280 284
845 848
488 491
280 284
280 284
845 848
845 848
980 982
788 790
845 848
639 642
388 389
381 384
488 491
381 384
994 995
280 284
341 344
73 83
73 83
280 284
287 291
919 922
341 344
854 855
959 961
542 543
959 961
741 742
465 468
341 344
996 996
989 989
81 90
280 284
758 760
845 848
639 642
73 83
919 922
639 642
465 468
341 344
577 580
465 468
845 848
280 284
123 128
341 344
192 194
381 384
280 284
73 83
639 642
845 848
280 284
280 284
639 642
465 468
280 284
577 580
90 96
280 284
758 760
845 848
341 344
669 672
511 511
280 284
105 111
125 129
884 886
919 922
577 580
577 580
280 284
465 468
280 284
287 291
280 284
959 961
280 284
381 384
845 848
465 468
845 848
280 284
845 848
845 848
845 848
788 790
919 922
341 344
105 111
341 344
52 63
280 284
488 491
465 468
280 284
845 848
105 111
959 961
280 284
488 491
577 580
788 790
465 468
919 922
919 922
758 760
577 580
845 848
39 53
280 284
884 886
994 995
280 284
577 580
577 580
669 672
577 580
994 995
639 642
845 848
919 922
845 848
341 344
639 642
669 672
845 848
919 922
280 284
919 922
845 848
123 129
280 284
280 284
898 898
884 886
488 491
280 284
919 922
845 848
47 59
579 579
577 580
845 848
81 90
465 468
919 922
73 83
845 848
727 728
39 53
73 83
280 284
919 922
639 642
701 703
577 580
804 805
280 284
959 961
577 580
959 961
517 517
919 922
577 580
381 384
280 284
980 982
577 580
758 760
577 580
52 63
280 284
669 672
919 922
280 284
280 284
123 129
919 922
105 111
919 922
935 935
919 922
381 384
959 961
105 111
280 284
959 961
381 384
280 284
280 284
465 468
758 760
73 83
280 284
39 53
919 922
639 642
465 468
639 642
845 848
577 580
845 848
52 63
90 96
39 53
845 848
845 848
845 848
465 468
280 284
280 284
674 675
280 284
280 284
937 937
845 848
785 786
577 580
980 982
341 344
639 642
81 90
593 594
577 580
577 580
381 384
639 642
639 642
280 284
845 848
413 415
280 284
381 384
639 642
919 921
280 284
39 53
488 491
639 642
866 866
669 672
845 848
845 848
465 468
577 580
845 848
845 848
639 642
906 906
341 344
123 129
341 344
934 935
758 760
577 580
280 284
465 468
341 344
639 642
845 848
465 468
639 642
919 922
39 53
669 672
123 129
280 284
731 732
890 890
919 922
542 543
669 672
919 922
280 284
845 848
465 468
919 922
919 922
669 672
845 848
280 284
381 384
919 922
845 848
381 384
845 848
381 384
959 961
465 468
465 468
81 90
381 384
280 284
577 580
969 970
884 886
287 291
280 284
845 848
381 384
919 922
341 344
73 83
669 672
639 642
577 580
199 201
39 53
577 580
13 27
788 790
123 129
758 760
341 344
994 995
845 848
73 83
669 672
280 284
39 53
381 384
280 284
280 284
959 961
280 284
381 384
488 491
280 284
488 491
845 848
639 642
639 642
758 760
280 284
639 642
980 982
5 19
919 922
465 468
845 848
577 580
945 945
73 83
280 284
341 344
884 886
919 922
577 580
970 970
639 642
987 987
845 848
639 641
52 63
124 129
758 760
847 848
701 703
465 468
980 982
341 344
788 790
488 491
639 642
280 284
845 848
919 922
280 284
639 642
669 672
919 922
465 468
83 90
577 580
639 642
73 83
465 468
701 703
39 53
669 672
758 760
105 111
994 995
639 642
488 491
542 543
845 848
381 384
845 848
381 384
39 53
639 642
280 284
280 284
845 848
577 580
465 468
465 468
73 83
465 468
577 580
845 848
280 284
965 965
52 63
639 642
280 284
845 848
959 961
280 284
577 580
39 53
992 992
639 642
123 129
758 760
959 961
465 468
701 703
758 760
959 961
980 982
845 848
919 922
845 848
669 672
845 848
39 53
919 922
465 468
959 961
355 357
990 990
919 922
980 982
845 848
280 284
845 848
465 468
465 468
959 961
639 642
639 642
123 129
845 848
280 284
577 580
884 886
127 131
552 553
341 344
845 848
280 284
818 818
845 848
381 384
381 384
280 284
602 603
577 580
577 580
465 468
919 922
980 982
980 982
845 848
987 987
845 848
980 982
845 848
465 468
123 129
845 848
39 53
488 491
280 284
280 284
639 642
465 468
669 672
280 284
758 760
465 468
845 848
381 384
577 580
669 672
845 848
280 284
465 468
280 284
577 580
727 728
465 468
280 284
280 284
994 995
81 90
488 491
639 642
669 672
542 543
639 642
465 468
984 984
280 284
465 468
663 663
600 600
980 982
577 580
280 284
577 580
845 848
577 580
639 642
39 53
280 284
845 848
381 384
845 848
465 468
341 344
280 284
280 284
290 294
845 848
341 344
577 580
90 96
669 672
465 468
381 384
5 19
959 961
39 53
280 284
341 344
919 922
687 688
845 848
488 491
381 384
39 53
800 801
488 491
290 294
861 861
577 580
465 468
577 580
341 344
959 961
280 284
465 468
280 284
280 284
39 53
577 580
90 96
105 111
280 284
669 672
639 642
845 848
280 284
90 96
381 384
639 642
290 294
5 19
123 129
341 344
280 284
341 344
280 284
639 642
701 703
105 111
280 284
919 922
845 848
73 83
192 194
81 90
448 450
381 384
105 111
934 935
280 284
701 703
994 995
381 384
341 344
280 284
552 553
577 580
465 468
845 848
5 19
577 580
280 284
877 877
280 284
639 642
280 284
577 580
280 284
465 468
39 53
919 922
845 848
577 580
980 982
280 284
341 344
341 344
788 790
488 491
39 53
381 384
845 848
6 20
845 848
894 894
73 83
872 873
280 284
845 848
123 129
465 468
465 468
577 580
994 995
280 284
919 922
73 83
766 766
758 760
846 848
731 732
577 580
6 20
381 384
341 344
381 384
577 580
280 284
919 922
639 642
919 922
669 672
341 344
280 284
465 468
280 284
280 284
13 27
577 580
381 384
105 111
984 984
639 642
845 848
845 848
280 284
639 642
381 384
639 642
919 922
926 927
290 294
746 747
341 344
639 642
263 266
341 344
341 344
488 491
995 995
639 642
845 848
125 129
758 760
809 810
845 848
845 848
577 580
701 703
465 468
796 797
615 616
280 284
73 83
499 500
39 53
973 973
884 886
465 468
341 344
980 982
105 111
845 848
235 237
5 19
941 941
39 53
884 886
123 129
280 284
123 129
280 284
758 760
5 19
884 886
845 848
5 19
845 848
919 922
845 848
788 790
884 886
280 284
47 59
969 970
669 672
465 468
280 284
845 848
845 848
488 491
669 672
919 922
280 284
341 344
465 468
542 543
280 284
980 982
577 580
280 284
280 284
52 63
758 760
290 294
845 848
639 642
911 911
40 53
959 961
884 886
465 468
639 642
124 129
959 961
488 491
123 129
341 344
488 491
872 873
845 848
73 83
52 63
341 344
280 284
341 344
919 922
280 284
639 642
919 922
845 848
901 901
919 922
845 848
639 642
105 111
845 848
845 848
980 982
11 25
919 922
11 25
341 344
280 284
577 580
577 580
812 812
263 266
280 284
994 995
465 468
553 553
845 848
791 792
845 848
669 672
758 760
280 284
577 580
639 642
488 491
845 848
280 284
280 284
105 111
465 468
845 848
465 468
919 922
995 995
701 703
90 96
577 580
39 53
280 284
919 922
959 961
639 642
845 848
280 284
39 53
845 848
280 284
577 580
105 111
661 662
280 284
341 344
280 284
577 580
577 580
639 642
959 961
381 384
919 922
701 703
341 344
845 848
919 922
280 284
845 848
39 53
669 672
280 284
669 672
280 284
577 580
280 284
465 468
845 848
280 284
280 284
669 672
123 129
39 53
